Массив длинной 10:

522 174 565 456 553 388 337 186 272 443 

174 186 272 337 388 443 456 522 553 565 
Массив длинной 100:

135 955 584 524 283 967 821 742 967 33 501 293 460 299 954 510 398 495 883 559 926 236 645 881 853 407 243 540 794 128 8 94 251 642 642 560 438 544 201 227 973 780 626 258 786 229 713 266 502 42 990 842 303 712 516 899 309 702 670 875 724 280 948 838 24 407 41 818 656 393 72 853 293 655 585 145 609 387 95 624 694 977 37 751 138 166 790 538 125 743 251 735 873 325 503 692 832 788 233 378 

8 24 33 37 41 42 72 94 95 125 128 135 138 145 166 201 227 229 233 236 243 251 251 258 266 280 283 293 293 299 303 309 325 378 387 393 398 407 407 438 460 495 501 502 503 510 516 524 538 540 544 559 560 584 585 609 624 626 642 642 645 655 656 670 692 694 702 712 713 724 735 742 743 751 780 786 788 790 794 818 821 832 838 842 853 853 873 875 881 883 899 926 948 954 955 967 967 973 977 990 
Массив длинной 1000:

187 895 609 108 969 136 548 647 127 371 290 921 607 46 181 746 242 196 699 857 616 503 692 913 142 336 980 968 151 892 313 821 154 716 437 798 367 929 781 2 618 143 411 754 453 329 128 827 144 757 450 635 88 375 762 684 203 696 966 633 155 580 495 234 57 468 767 890 608 382 378 313 415 697 239 473 91 937 460 812 207 153 823 394 442 677 733 778 954 753 595 671 962 148 846 38 647 176 696 984 562 237 218 761 378 136 220 390 136 288 592 265 235 153 425 2 756 100 792 380 735 988 936 855 787 706 351 266 851 201 825 915 240 475 250 970 934 61 16 306 457 342 642 665 160 329 435 809 722 843 281 546 384 316 248 573 300 362 974 671 785 953 538 934 463 677 24 759 902 455 67 694 84 486 922 392 346 271 694 457 270 541 543 8 919 278 530 924 227 677 669 571 87 344 521 503 804 707 201 483 304 676 906 267 775 587 462 898 393 856 227 28 668 516 400 243 409 530 15 184 146 100 532 225 785 495 607 740 965 418 588 638 70 211 152 594 634 276 233 332 816 632 530 370 450 640 903 570 943 277 93 274 691 17 336 204 143 681 481 279 979 721 932 975 267 588 958 457 363 806 608 133 296 683 368 513 570 161 775 145 592 36 797 687 324 314 946 53 874 948 451 953 794 953 352 94 699 555 103 861 681 446 206 137 669 960 977 8 648 822 634 981 905 336 686 943 924 245 650 953 641 905 582 415 354 654 339 343 330 273 813 14 58 913 463 145 829 660 18 364 336 938 404 51 313 469 47 457 266 409 170 454 905 149 219 775 863 790 782 14 620 634 677 374 8 619 922 992 873 541 113 264 227 285 617 703 501 531 102 884 607 882 76 921 103 359 109 909 694 687 281 38 877 4 743 702 260 29 42 693 547 55 584 725 295 905 227 619 531 516 274 332 688 897 407 738 558 755 271 649 510 12 298 185 259 74 386 223 541 915 442 472 488 408 337 551 297 350 626 198 132 490 377 177 413 949 350 980 596 5 143 504 758 393 183 534 757 398 466 220 518 3 78 616 73 802 844 279 560 855 440 207 129 73 516 19 634 120 772 310 724 406 626 536 771 938 714 95 224 802 794 899 884 405 679 128 411 761 103 611 104 70 419 741 564 936 374 684 876 163 899 637 626 156 496 112 377 541 845 135 87 749 55 757 61 541 323 724 393 388 607 873 16 161 205 653 986 884 972 835 563 29 218 60 903 156 272 727 908 567 751 870 916 968 523 355 15 662 680 22 612 650 291 488 555 26 620 465 951 843 125 492 569 9 572 58 530 994 854 904 269 595 816 826 636 737 957 48 638 849 638 324 204 949 222 912 737 730 505 877 536 807 776 65 441 258 300 906 395 464 825 21 808 775 753 16 834 464 851 818 68 572 827 101 204 801 288 619 786 659 320 800 489 977 368 461 819 750 384 378 436 50 652 173 24 617 515 428 196 206 78 272 878 686 808 963 980 674 860 640 969 681 119 735 143 25 531 831 407 291 196 83 80 472 381 17 919 653 77 587 285 860 422 580 580 47 921 802 168 404 481 144 890 744 409 755 931 916 29 998 85 684 21 905 9 995 192 405 305 790 43 326 597 273 354 109 258 539 154 95 103 729 662 2 810 52 193 335 63 625 86 3 623 78 501 601 838 517 570 585 855 515 496 378 360 154 547 616 390 299 497 391 761 934 895 356 22 18 95 957 802 857 341 680 704 40 703 518 771 753 270 740 968 569 240 587 232 283 641 655 505 576 945 764 127 694 241 689 183 145 578 820 422 613 783 997 173 816 674 320 451 28 844 636 28 756 423 192 693 307 123 738 376 439 451 225 911 577 552 9 799 13 335 626 174 449 318 355 786 242 414 416 609 321 204 477 731 308 735 371 271 48 996 875 22 839 444 982 161 557 86 596 263 664 520 437 692 218 461 578 438 67 406 450 893 706 128 54 234 974 494 603 841 181 737 750 17 459 604 335 5 335 193 228 156 817 152 944 800 766 784 513 846 157 933 204 642 545 982 315 711 389 748 186 63 482 754 82 927 769 419 232 614 126 573 102 873 177 293 75 554 184 253 467 190 981 756 684 248 533 108 472 477 288 624 615 587 7 165 673 63 70 17 31 347 552 898 719 583 830 330 465 251 907 761 526 136 280 996 82 726 70 833 393 661 947 755 325 502 957 515 866 11 619 12 483 166 222 120 637 82 36 100 417 202 643 220 570 527 97 479 307 10 83 947 992 236 623 369 399 

2 2 2 3 3 4 5 5 7 8 8 8 9 9 9 10 11 12 12 13 14 14 15 15 16 16 16 17 17 17 17 18 18 19 21 21 22 22 22 24 24 25 26 28 28 28 29 29 29 31 36 36 38 38 40 42 43 46 47 47 48 48 50 51 52 53 54 55 55 57 58 58 60 61 61 63 63 63 65 67 67 68 70 70 70 70 73 73 74 75 76 77 78 78 78 80 82 82 82 83 83 84 85 86 86 87 87 88 91 93 94 95 95 95 97 100 100 100 101 102 102 103 103 103 103 104 108 108 109 109 112 113 119 120 120 123 125 126 127 127 128 128 128 129 132 133 135 136 136 136 136 137 142 143 143 143 143 144 144 145 145 145 146 148 149 151 152 152 153 153 154 154 154 155 156 156 156 157 160 161 161 161 163 165 166 168 170 173 173 174 176 177 177 181 181 183 183 184 184 185 186 187 190 192 192 193 193 196 196 196 198 201 201 202 203 204 204 204 204 204 205 206 206 207 207 211 218 218 218 219 220 220 220 222 222 223 224 225 225 227 227 227 227 228 232 232 233 234 234 235 236 237 239 240 240 241 242 242 243 245 248 248 250 251 253 258 258 259 260 263 264 265 266 266 267 267 269 270 270 271 271 271 272 272 273 273 274 274 276 277 278 279 279 280 281 281 283 285 285 288 288 288 290 291 291 293 295 296 297 298 299 300 300 304 305 306 307 307 308 310 313 313 313 314 315 316 318 320 320 321 323 324 324 325 326 329 329 330 330 332 332 335 335 335 335 336 336 336 336 337 339 341 342 343 344 346 347 350 350 351 352 354 354 355 355 356 359 360 362 363 364 367 368 368 369 370 371 371 374 374 375 376 377 377 378 378 378 378 380 381 382 384 384 386 388 389 390 390 391 392 393 393 393 393 394 395 398 399 400 404 404 405 405 406 406 407 407 408 409 409 409 411 411 413 414 415 415 416 417 418 419 419 422 422 423 425 428 435 436 437 437 438 439 440 441 442 442 444 446 449 450 450 450 451 451 451 453 454 455 457 457 457 457 459 460 461 461 462 463 463 464 464 465 465 466 467 468 469 472 472 472 473 475 477 477 479 481 481 482 483 483 486 488 488 489 490 492 494 495 495 496 496 497 501 501 502 503 503 504 505 505 510 513 513 515 515 515 516 516 516 517 518 518 520 521 523 526 527 530 530 530 530 531 531 531 532 533 534 536 536 538 539 541 541 541 541 541 543 545 546 547 547 548 551 552 552 554 555 555 557 558 560 562 563 564 567 569 569 570 570 570 570 571 572 572 573 573 576 577 578 578 580 580 580 582 583 584 585 587 587 587 587 588 588 592 592 594 595 595 596 596 597 601 603 604 607 607 607 607 608 608 609 609 611 612 613 614 615 616 616 616 617 617 618 619 619 619 619 620 620 623 623 624 625 626 626 626 626 632 633 634 634 634 634 635 636 636 637 637 638 638 638 640 640 641 641 642 642 643 647 647 648 649 650 650 652 653 653 654 655 659 660 661 662 662 664 665 668 669 669 671 671 673 674 674 676 677 677 677 677 679 680 680 681 681 681 683 684 684 684 684 686 686 687 687 688 689 691 692 692 693 693 694 694 694 694 696 696 697 699 699 702 703 703 704 706 706 707 711 714 716 719 721 722 724 724 725 726 727 729 730 731 733 735 735 735 737 737 737 738 738 740 740 741 743 744 746 748 749 750 750 751 753 753 753 754 754 755 755 755 756 756 756 757 757 757 758 759 761 761 761 761 762 764 766 767 769 771 771 772 775 775 775 775 776 778 781 782 783 784 785 785 786 786 787 790 790 792 794 794 797 798 799 800 800 801 802 802 802 802 804 806 807 808 808 809 810 812 813 816 816 816 817 818 819 820 821 822 823 825 825 826 827 827 829 830 831 833 834 835 838 839 841 843 843 844 844 845 846 846 849 851 851 854 855 855 855 856 857 857 860 860 861 863 866 870 873 873 873 874 875 876 877 877 878 882 884 884 884 890 890 892 893 895 895 897 898 898 899 899 902 903 903 904 905 905 905 905 905 906 906 907 908 909 911 912 913 913 915 915 916 916 919 919 921 921 921 922 922 924 924 927 929 931 932 933 934 934 934 936 936 937 938 938 943 943 944 945 946 947 947 948 949 949 951 953 953 953 953 954 957 957 957 958 960 962 963 965 966 968 968 968 969 969 970 972 974 974 975 977 977 979 980 980 980 981 981 982 982 984 986 988 992 992 994 995 996 996 997 998 
Массив длинной 10000:

797 572 217 625 315 464 453 631 894 277 360 913 159 358 999 690 969 415 190 18 727 184 798 405 478 207 855 927 672 19 246 543 853 721 840 510 819 475 102 738 189 588 675 249 736 566 147 651 84 256 23 820 432 351 672 612 774 811 147 107 608 525 959 875 31 817 60 438 518 489 870 494 313 452 828 138 509 548 668 912 60 203 843 415 996 425 110 501 49 228 735 7 327 994 129 663 629 800 218 919 505 709 133 595 386 529 507 980 523 533 102 226 142 235 47 405 682 543 879 605 706 558 388 289 753 862 166 319 322 164 509 709 329 748 406 350 69 248 29 466 918 129 978 516 125 509 865 92 946 724 981 85 920 613 212 946 320 843 841 523 362 187 657 358 23 393 897 393 828 697 335 434 513 412 686 577 580 872 164 244 997 73 372 598 183 423 788 715 536 459 29 226 406 506 103 730 472 620 492 732 612 471 264 249 389 546 572 508 926 635 366 448 679 597 525 289 815 59 174 599 604 181 857 368 667 109 27 7 308 955 105 959 380 431 632 526 809 122 209 636 851 280 788 900 93 581 546 809 981 814 915 412 445 892 128 430 614 895 582 279 519 565 199 971 530 406 68 247 965 999 479 692 850 537 748 324 392 957 275 85 562 218 26 493 39 692 514 487 303 201 911 913 540 929 117 286 80 817 369 686 513 299 844 981 335 223 562 907 144 803 38 656 620 497 716 300 539 705 931 838 892 580 943 763 87 565 152 920 420 461 243 575 587 589 571 263 374 44 158 816 129 606 342 499 163 255 293 42 212 817 747 374 885 531 793 933 355 80 894 769 70 642 487 682 560 462 69 31 926 453 926 494 547 114 708 286 237 443 600 832 272 110 707 603 714 868 689 56 795 637 908 294 150 389 746 487 118 660 939 700 185 262 115 759 890 252 827 771 822 507 695 911 479 61 496 960 934 884 967 691 773 13 235 288 544 631 344 158 368 221 167 577 504 900 646 10 994 948 712 461 41 918 233 288 942 996 815 88 892 785 552 233 692 247 927 172 26 827 214 258 908 669 402 601 339 118 407 578 415 486 966 985 172 505 649 854 779 947 345 548 816 255 265 583 668 933 884 256 973 474 983 166 734 453 553 372 515 632 948 824 589 236 673 405 819 566 61 186 597 72 392 78 481 666 442 652 403 819 932 405 233 150 605 941 502 799 251 719 952 277 339 147 999 521 958 580 582 860 764 101 872 697 658 901 81 904 685 68 11 901 968 696 699 542 591 438 630 732 902 19 315 342 234 320 733 244 79 960 707 861 69 543 54 830 533 535 492 704 859 598 113 183 707 51 308 642 447 456 930 520 949 850 957 744 786 529 463 338 168 836 825 725 361 149 831 425 641 868 8 55 945 926 872 304 905 131 634 182 11 90 797 622 29 186 911 219 585 310 44 4 71 154 536 22 772 388 822 557 220 882 0 578 447 874 574 23 977 653 838 654 894 281 326 77 39 202 695 174 238 611 839 331 824 4 984 791 390 850 531 517 309 77 962 128 90 218 174 155 612 887 241 932 471 389 109 790 827 458 983 569 693 648 319 608 42 668 754 443 890 782 633 127 121 321 345 817 318 197 986 821 27 539 562 350 370 907 859 434 895 193 963 931 866 962 824 660 757 354 85 421 463 731 265 829 254 113 811 150 43 291 472 630 472 161 542 153 85 968 237 135 809 319 547 696 819 702 260 159 497 684 59 964 111 564 357 296 274 733 96 256 95 709 390 604 721 333 459 705 420 670 575 788 116 950 612 144 183 568 10 552 852 652 652 359 231 508 518 907 804 245 879 352 872 980 39 100 928 943 975 485 242 555 739 826 109 270 847 161 952 212 112 705 723 543 403 443 56 31 372 213 814 551 900 174 791 222 916 135 910 512 215 240 593 524 309 297 913 826 249 960 660 357 954 591 133 173 629 329 576 596 43 896 570 762 671 690 654 564 35 887 354 711 250 440 997 872 112 198 234 106 529 230 782 412 552 456 597 309 41 617 592 587 558 314 468 318 669 831 852 618 642 348 790 361 605 948 107 514 594 261 61 431 95 470 66 813 114 158 209 215 93 345 523 417 295 767 152 936 971 678 202 281 345 615 464 181 439 420 806 603 348 83 714 779 556 161 492 88 247 654 204 510 621 637 525 296 825 373 66 838 795 171 542 916 58 780 85 479 5 885 374 693 352 606 866 10 630 743 860 133 275 64 688 316 473 691 659 708 90 167 355 65 354 967 807 177 540 798 721 775 76 12 82 362 280 510 158 15 771 514 665 81 512 932 562 731 483 225 442 367 120 377 389 837 529 308 339 384 798 689 469 831 22 84 57 262 981 326 36 963 533 644 936 575 502 274 552 421 404 76 693 315 356 354 655 699 622 245 832 972 170 773 217 82 45 833 58 428 875 300 750 156 189 479 833 476 440 814 335 255 755 918 979 721 995 153 475 668 429 358 639 736 493 63 792 759 427 854 529 668 215 124 545 104 326 536 126 876 520 178 258 808 909 577 217 252 794 495 87 891 358 390 998 517 660 13 663 125 687 74 48 586 284 667 39 630 372 874 395 458 27 599 148 250 99 831 826 916 846 539 964 932 767 638 310 825 126 28 444 312 873 0 189 445 130 672 523 242 537 586 879 919 99 629 863 758 241 747 418 828 187 746 279 147 109 116 818 646 357 214 504 344 429 83 584 27 410 702 120 426 307 583 379 259 660 45 832 137 774 551 583 379 610 616 124 127 720 41 336 13 853 877 884 323 82 534 489 16 44 836 348 539 626 991 521 603 367 20 487 64 283 681 872 806 631 125 734 813 958 456 306 368 366 106 572 430 698 56 176 125 555 816 93 937 202 43 752 618 94 520 760 700 553 271 730 172 4 78 692 957 800 676 58 587 530 980 173 519 418 90 904 311 843 362 509 467 587 934 604 587 372 115 718 437 696 606 815 94 376 399 425 620 363 219 325 879 758 505 407 222 870 232 199 4 616 448 856 191 762 262 584 69 474 104 584 684 957 620 891 924 164 78 143 19 664 284 947 624 37 630 709 82 527 381 716 140 916 714 821 248 749 623 332 113 814 355 145 259 634 640 921 137 614 483 57 792 89 180 339 331 501 232 154 131 553 502 541 92 388 444 767 242 798 642 174 541 745 29 204 309 139 688 990 396 708 571 468 44 324 923 51 735 374 490 746 517 469 200 560 312 813 52 870 189 872 679 338 971 308 516 47 59 976 30 192 813 242 757 423 982 33 497 768 464 393 31 867 308 896 657 71 544 468 891 495 86 817 800 523 29 232 497 736 808 876 991 759 344 298 933 275 711 777 578 278 316 284 405 796 841 811 30 74 651 444 502 590 84 534 105 995 441 234 394 749 536 761 959 588 401 272 522 10 962 381 359 766 890 612 178 802 412 3 682 217 202 422 84 364 373 400 675 809 192 938 833 477 383 828 742 555 324 817 394 568 288 20 112 269 85 735 700 471 356 303 583 438 552 176 547 114 676 595 215 1 597 713 817 24 548 882 383 61 870 623 477 595 608 113 928 182 310 814 278 637 700 203 453 889 355 395 925 206 281 628 878 729 602 393 971 575 202 88 720 202 352 638 601 732 826 987 829 438 247 365 803 861 316 577 300 393 259 928 668 153 956 176 780 242 744 747 993 215 141 353 979 222 94 76 285 61 602 721 63 367 566 486 958 916 824 17 413 24 93 577 316 274 419 567 246 175 858 358 987 78 994 614 296 894 385 581 767 240 292 239 791 538 864 301 587 470 218 863 418 727 334 968 121 563 37 705 803 526 829 109 202 243 733 984 372 951 189 64 530 242 249 172 732 853 786 777 409 117 980 775 957 994 940 260 743 26 492 733 857 680 778 241 410 182 36 548 804 879 929 635 280 154 333 175 478 161 236 268 777 259 296 685 546 54 152 207 302 473 240 346 459 456 206 850 463 8 762 549 817 237 973 529 188 344 495 803 661 764 781 582 790 224 955 597 383 93 694 356 30 828 245 331 638 583 175 823 947 482 711 470 399 686 450 539 286 767 497 201 559 349 546 538 691 658 556 235 501 609 466 370 313 406 519 988 992 642 890 605 168 671 856 178 52 311 182 103 773 415 311 616 596 492 797 681 282 707 639 980 26 940 322 337 15 341 156 993 167 461 547 644 876 891 33 887 493 367 485 380 475 452 461 85 297 850 774 820 609 838 706 285 2 910 578 228 348 518 162 711 155 189 936 311 868 667 739 704 459 909 187 914 221 259 504 574 478 236 40 165 566 335 384 329 754 261 641 966 313 804 538 975 205 773 224 286 516 150 217 630 110 70 361 699 650 792 63 743 405 4 750 112 477 996 145 819 805 607 557 606 26 773 390 655 370 212 708 448 34 218 58 328 19 409 55 496 974 684 678 962 197 897 560 309 54 426 497 208 628 405 480 909 593 610 603 337 679 706 329 437 83 615 709 187 945 421 92 68 941 648 845 121 928 594 408 129 212 81 600 943 715 500 819 628 737 148 735 408 805 718 816 268 355 241 878 582 187 373 363 632 334 429 267 979 559 359 980 998 201 474 124 598 105 385 721 583 795 80 449 797 686 684 262 222 832 577 766 686 716 826 941 838 718 968 609 286 233 840 69 378 168 737 207 330 593 218 163 969 520 294 786 107 924 566 945 649 166 44 147 982 592 293 281 375 533 286 879 136 776 434 350 955 11 70 628 949 477 931 629 613 414 797 166 422 39 834 914 151 22 959 119 189 692 86 786 874 456 831 797 307 338 26 192 85 943 831 95 853 937 996 172 235 414 533 568 795 126 858 335 699 371 728 114 816 315 161 263 925 284 754 493 645 133 321 274 387 604 81 478 208 738 60 214 25 786 883 774 158 517 990 747 597 496 97 935 610 911 375 770 782 568 170 569 183 503 527 101 92 259 180 191 45 379 126 960 310 514 88 30 431 386 104 407 293 6 895 148 36 386 664 476 228 311 696 640 568 491 30 522 258 782 681 899 337 799 702 217 369 137 624 96 822 345 339 395 463 763 275 176 607 378 65 706 594 704 962 733 683 486 392 819 483 566 771 648 705 204 70 493 304 678 779 899 761 568 653 882 972 300 176 805 215 854 915 879 716 975 304 633 837 968 533 883 744 805 613 256 574 690 690 258 692 782 872 928 599 166 944 26 50 79 761 383 309 587 603 629 650 891 932 729 899 437 656 335 144 896 154 956 955 397 308 281 609 918 112 433 981 986 280 549 30 278 582 757 206 150 573 157 201 983 606 682 757 960 358 255 125 536 783 703 12 988 71 653 770 479 773 391 474 170 647 663 611 382 699 621 854 899 128 994 322 996 754 971 790 625 524 649 559 856 307 445 203 576 537 41 207 929 986 727 376 182 683 30 336 942 71 375 261 737 401 226 407 788 381 15 233 100 862 145 955 124 832 618 862 201 460 34 845 657 413 925 912 401 618 140 313 724 634 848 554 148 387 821 455 81 37 414 195 521 808 107 67 841 771 252 350 64 168 134 482 37 530 603 323 476 313 5 170 240 702 509 465 14 590 806 736 10 162 780 164 45 838 323 849 306 858 71 630 366 789 248 555 499 365 517 618 784 498 978 768 31 244 954 819 298 641 52 250 964 515 340 902 387 970 436 198 206 754 16 618 242 375 804 451 453 953 966 648 73 188 951 512 183 12 132 801 884 503 551 665 805 820 665 850 449 346 168 528 928 319 411 30 481 360 525 656 439 503 366 344 675 404 177 776 564 827 718 374 838 635 313 702 202 351 813 421 710 954 1 106 784 437 719 754 776 921 30 823 487 476 361 380 137 206 989 400 643 889 286 621 628 794 690 293 5 709 827 129 547 103 946 485 502 259 559 238 684 423 999 642 797 894 886 362 274 932 564 996 362 412 778 820 668 379 478 990 747 426 748 67 94 901 276 383 530 875 878 878 646 751 715 219 889 643 824 733 907 327 18 72 144 831 767 134 325 125 817 122 780 569 490 258 674 932 547 896 618 503 832 398 54 686 349 610 696 558 931 24 554 744 82 419 407 675 922 263 133 141 58 405 58 755 97 77 260 457 544 956 95 928 115 404 495 620 18 458 481 156 437 766 193 793 568 36 486 71 850 999 10 284 762 477 445 427 340 298 588 271 349 239 13 975 928 626 629 678 923 787 656 464 781 976 703 291 211 264 187 61 590 188 606 545 946 811 165 637 958 68 279 720 869 210 807 197 752 217 864 941 406 808 148 63 342 545 502 785 773 154 215 75 110 527 680 160 633 468 29 116 460 991 719 854 507 936 594 571 169 505 538 993 400 246 654 782 40 542 203 400 308 380 863 804 853 204 609 342 529 646 564 284 188 747 481 414 88 294 555 405 951 931 616 268 615 221 675 864 872 898 120 90 265 629 808 80 128 914 1 303 327 251 42 523 941 253 805 652 764 239 693 746 987 797 448 376 764 595 189 631 528 744 470 630 525 473 19 559 939 401 286 174 292 252 77 699 889 92 327 361 416 22 100 633 204 374 103 467 180 431 316 532 725 369 775 583 781 411 997 467 233 245 713 363 952 519 453 734 719 749 487 671 268 827 215 505 643 836 426 151 369 552 378 507 85 754 448 923 476 493 917 477 95 859 127 170 309 736 680 685 920 368 747 431 943 644 264 898 153 269 939 944 985 845 97 681 866 205 278 198 71 529 258 225 831 9 575 408 699 45 195 907 156 741 231 1 804 947 564 440 489 550 770 207 554 972 492 249 762 446 303 104 457 481 614 391 110 522 599 934 69 855 198 108 73 32 788 243 614 96 877 919 641 838 708 520 759 50 671 858 517 325 646 253 741 90 450 674 127 840 890 281 347 630 370 634 351 662 133 521 184 248 635 666 568 383 463 618 772 93 631 59 850 741 417 743 209 945 366 982 582 113 116 774 205 595 571 11 467 74 168 96 917 149 674 268 690 980 685 357 627 831 901 33 208 830 431 606 212 627 424 406 296 150 939 70 132 861 460 972 812 452 151 698 924 535 142 701 67 148 53 229 260 8 355 750 212 83 566 375 164 965 798 840 650 762 800 766 209 603 136 828 519 712 545 174 680 203 108 672 687 730 538 64 573 195 146 288 794 188 858 48 294 85 808 846 654 310 47 162 734 376 491 463 12 224 709 547 462 181 70 8 974 893 687 434 426 733 266 454 615 512 971 21 745 87 534 434 904 699 520 369 155 945 938 311 239 75 51 349 486 598 825 613 117 849 74 401 398 374 419 920 43 593 547 222 404 470 717 925 690 274 643 762 661 701 853 28 955 376 194 351 682 917 967 16 686 358 903 896 12 132 36 530 279 599 325 562 398 715 906 768 357 126 658 211 955 63 952 416 996 46 446 21 179 67 238 125 625 530 535 46 567 821 912 557 238 112 482 61 375 290 629 239 469 425 993 556 259 756 60 623 405 486 900 966 686 14 351 211 361 199 936 867 179 859 201 536 213 100 973 843 580 890 40 705 416 206 552 753 74 682 866 869 470 912 640 80 921 946 871 223 761 270 700 175 354 761 59 609 223 457 342 158 782 217 43 515 445 194 549 480 462 597 137 679 333 67 397 267 219 121 615 266 229 749 81 309 189 864 350 654 146 942 529 616 339 708 86 252 869 125 634 726 396 390 761 163 132 21 842 287 364 792 390 102 842 75 928 33 136 733 325 581 843 894 333 519 68 521 339 624 980 145 397 94 486 889 870 838 987 917 176 168 22 63 290 354 551 426 774 263 779 53 116 135 799 53 882 502 57 242 95 611 681 218 306 219 394 296 615 953 205 89 45 218 557 157 559 780 604 979 967 641 747 75 844 927 28 262 294 433 7 367 781 745 821 565 486 803 757 71 959 255 811 821 58 690 7 897 578 642 494 102 898 77 274 454 864 606 373 379 190 132 2 181 946 837 307 300 396 992 670 755 22 532 19 712 829 926 17 154 919 131 684 651 939 904 469 703 470 367 701 880 430 378 881 827 253 629 875 220 382 707 500 586 972 739 79 365 57 562 624 937 589 218 460 59 448 350 242 41 368 603 829 28 291 790 324 644 651 192 459 200 51 796 772 211 630 97 679 199 825 103 646 908 743 763 291 212 917 822 379 902 386 834 852 778 878 472 295 182 415 435 714 865 103 423 886 792 445 248 429 350 671 43 215 264 957 921 285 527 499 111 726 828 813 556 813 217 944 994 333 158 802 497 784 390 389 780 805 320 876 498 766 669 392 28 231 343 618 588 820 956 187 767 682 303 708 885 52 546 609 669 848 451 915 271 547 173 258 825 875 177 116 964 651 0 345 57 436 784 324 470 598 356 173 376 971 35 814 481 681 503 728 258 710 206 649 315 753 121 481 58 84 792 712 643 840 222 115 681 958 651 449 267 221 138 70 492 277 538 300 512 358 777 144 372 448 857 254 445 351 29 303 314 303 266 386 805 643 530 536 748 919 132 523 29 53 461 36 571 135 157 37 215 821 968 699 306 648 340 195 982 967 670 330 928 348 135 964 955 752 265 849 747 2 551 592 226 254 114 318 987 821 682 309 193 992 88 492 334 567 79 157 302 335 553 780 249 801 595 680 917 496 81 819 870 308 290 212 270 375 473 52 533 21 207 161 285 361 137 935 260 643 629 387 673 107 546 412 449 770 343 424 658 433 401 490 740 863 438 885 702 876 221 958 94 26 623 281 127 391 495 888 664 659 420 274 867 693 146 762 761 878 762 500 32 48 393 99 620 717 421 422 922 251 233 384 421 670 293 646 483 264 284 57 274 455 759 999 13 126 622 46 716 675 123 824 113 720 926 45 632 524 660 410 970 73 965 413 425 36 852 197 400 499 279 496 593 704 225 577 288 394 86 493 94 374 705 246 127 409 270 701 743 247 13 959 604 874 87 201 489 346 574 976 274 425 646 217 396 627 230 408 495 349 757 238 437 167 315 595 367 719 286 16 765 151 453 152 486 319 892 719 617 24 87 942 820 109 218 668 728 488 849 500 178 862 205 394 490 775 522 436 558 492 833 770 60 557 211 123 971 493 730 77 734 511 791 470 261 814 418 328 948 647 866 879 869 785 837 903 945 59 662 711 796 455 160 125 190 317 882 262 898 95 696 235 757 772 765 667 71 734 132 675 356 194 488 911 625 953 900 274 720 307 177 912 830 19 280 278 350 665 280 944 932 156 429 852 950 631 122 97 19 169 832 210 926 986 354 602 967 249 499 236 417 607 541 590 917 784 404 737 491 487 316 405 454 187 743 200 764 635 960 994 831 802 254 550 475 967 985 844 665 677 310 100 166 43 527 324 614 839 935 166 227 384 606 532 852 426 756 738 243 153 838 332 288 505 405 614 353 990 114 950 798 559 72 813 176 215 239 411 660 419 585 925 699 794 767 446 196 722 698 48 211 247 600 511 839 978 812 660 637 912 970 624 724 985 367 667 311 792 355 637 187 344 78 824 568 912 632 493 738 958 418 631 292 66 738 551 959 561 973 198 403 578 773 747 448 961 201 714 426 99 134 403 366 60 860 866 168 776 943 926 346 318 921 679 494 339 331 657 246 816 708 750 819 157 233 609 571 330 375 606 711 917 66 638 824 14 264 231 205 872 382 182 618 46 851 85 657 94 253 109 629 543 467 610 391 384 584 209 827 251 295 838 400 336 214 428 251 283 855 479 74 100 452 374 434 525 132 772 305 148 951 477 77 266 976 168 450 456 246 439 430 55 403 953 577 543 781 281 831 423 833 374 239 773 35 529 90 92 175 866 252 811 904 679 299 817 761 134 360 46 978 794 36 415 49 18 696 498 797 891 744 850 940 882 314 577 237 303 231 446 78 357 281 380 187 619 151 724 654 759 782 647 921 785 444 39 337 823 724 16 833 592 295 284 121 401 870 22 364 721 579 457 902 913 968 621 513 655 227 429 867 971 844 38 108 96 928 155 437 275 240 414 579 214 613 485 61 997 258 785 748 128 360 932 179 324 744 8 817 823 525 682 596 294 148 861 747 256 175 25 472 715 584 88 481 165 877 688 299 482 559 515 396 441 681 738 611 912 859 784 352 920 337 614 749 557 817 285 65 752 738 804 821 233 312 32 544 271 450 13 446 56 709 335 263 9 285 154 612 410 250 835 397 391 672 552 378 969 339 924 348 591 622 547 743 754 694 163 128 648 194 340 461 846 337 295 211 1 351 739 271 663 673 655 502 903 407 430 560 760 654 574 931 526 665 854 434 161 591 508 315 122 25 964 216 909 373 551 53 376 341 376 618 599 652 684 918 966 44 840 347 264 602 368 993 619 408 935 180 482 861 49 410 842 424 149 638 708 439 592 529 855 376 183 419 278 956 332 873 980 936 467 117 751 160 51 520 656 970 596 501 437 370 571 515 292 966 775 175 503 46 210 527 452 310 492 887 418 949 715 662 75 61 200 546 394 932 659 681 372 629 981 738 842 91 92 484 804 668 127 312 180 157 370 933 725 940 664 440 668 163 101 707 255 934 425 376 170 25 120 359 306 93 802 873 65 471 684 361 218 8 83 750 822 402 482 918 690 266 820 454 267 219 13 209 528 273 483 908 665 715 314 779 548 767 5 86 354 496 868 254 255 303 221 659 80 350 884 852 451 506 685 903 204 666 92 87 80 593 345 791 988 776 695 502 693 303 202 55 397 395 564 193 398 566 198 964 997 353 128 177 388 631 456 158 30 410 574 882 675 917 6 761 151 76 266 479 607 718 965 776 148 829 454 56 942 491 504 638 467 127 89 726 464 168 402 357 319 537 472 283 728 319 379 479 388 802 42 322 299 719 356 279 387 351 28 559 176 400 215 539 906 936 415 547 827 280 296 982 673 908 160 70 245 682 48 828 449 974 667 140 448 182 338 747 770 810 338 112 140 843 181 918 321 933 376 792 904 832 652 108 506 60 648 391 559 286 33 705 303 199 109 201 733 75 90 723 597 667 776 17 942 183 842 830 727 241 749 312 306 255 923 617 322 558 633 388 534 947 187 484 776 633 809 940 734 979 185 245 842 652 194 237 55 635 166 322 218 818 663 318 537 721 398 47 275 491 878 174 441 701 189 650 479 292 241 309 374 901 95 748 55 503 469 653 61 686 562 687 392 311 170 715 283 869 946 54 234 761 664 242 100 11 803 140 463 544 757 762 393 857 948 316 722 915 262 33 251 745 986 588 929 191 781 130 531 473 366 610 345 186 74 612 236 852 647 44 700 328 190 516 929 799 293 535 362 853 993 368 606 912 803 488 774 76 313 909 229 672 609 989 178 146 417 207 782 335 80 870 267 217 333 922 555 470 659 130 898 245 767 678 480 997 3 432 382 585 837 160 539 738 815 27 719 200 338 782 382 85 753 26 772 123 100 389 579 880 933 304 416 183 10 983 904 930 509 180 143 984 824 196 498 919 330 529 402 306 202 354 132 876 748 812 492 741 905 357 896 614 853 502 652 532 743 356 727 831 122 789 691 157 639 397 261 556 528 853 792 571 986 272 677 579 172 539 434 198 491 163 25 151 284 529 130 322 544 965 176 974 802 571 184 413 663 975 237 350 551 935 212 52 564 325 628 581 824 73 360 203 921 528 339 958 764 539 872 110 267 938 12 562 676 817 769 414 88 264 915 197 302 84 647 556 951 972 587 958 900 548 498 471 605 972 53 273 232 225 649 123 102 127 82 612 923 649 375 747 556 213 493 560 157 162 901 837 881 782 6 791 952 914 209 719 440 540 957 704 763 495 181 862 614 792 95 174 1 34 633 301 597 839 402 687 54 937 314 442 70 216 392 449 219 858 170 188 918 363 172 382 691 670 983 60 31 631 945 364 67 727 835 846 149 705 193 113 511 522 664 502 226 515 634 547 103 732 643 756 621 906 256 637 862 250 610 926 855 342 655 423 992 949 374 342 380 545 299 513 664 57 676 396 699 669 156 176 36 436 956 299 988 189 743 160 471 197 984 899 94 267 257 169 867 240 509 276 141 291 166 558 432 129 91 563 230 859 938 192 93 434 890 418 385 355 434 803 206 213 871 182 560 399 419 397 799 507 529 458 159 880 35 744 269 398 866 859 97 179 930 611 259 792 806 660 377 839 784 511 806 706 69 927 419 983 998 33 709 694 763 722 330 480 32 213 399 145 148 986 489 575 706 27 282 260 923 768 593 758 19 960 722 17 652 453 810 107 325 286 400 833 149 402 415 207 280 778 759 592 261 231 690 797 22 230 999 42 644 159 60 229 439 951 674 803 999 313 828 578 402 291 820 862 586 655 425 304 612 75 979 145 8 1 496 788 270 925 995 421 453 768 462 165 226 170 394 197 727 611 207 967 950 180 190 970 411 827 211 366 804 695 430 569 180 914 221 438 455 886 533 74 317 406 125 633 829 654 636 415 261 228 577 0 867 11 194 827 810 526 376 442 713 629 616 758 338 892 985 311 949 956 742 840 78 133 650 544 55 556 140 756 191 795 104 576 118 430 702 168 720 394 627 928 509 90 360 688 789 366 295 936 669 325 466 305 485 736 921 733 361 650 771 254 385 620 250 917 524 40 640 908 189 816 591 555 328 813 330 988 772 962 754 689 260 204 86 866 329 799 91 381 508 968 806 69 622 372 543 889 839 443 163 749 726 387 746 852 734 911 976 671 405 933 961 399 896 82 993 181 533 384 588 724 948 258 399 221 10 521 932 956 270 441 148 329 798 4 962 873 457 234 132 417 822 419 975 575 7 407 173 539 378 362 356 455 854 439 800 467 987 525 842 212 978 20 401 964 785 632 601 891 119 120 723 298 252 170 901 529 282 824 213 603 348 392 577 908 84 692 474 359 204 494 886 931 392 919 438 802 17 11 790 375 805 281 420 258 638 57 203 683 537 271 185 163 311 238 864 586 442 493 880 92 157 242 687 624 233 791 906 332 732 99 511 271 33 838 797 66 972 318 269 26 489 791 821 932 309 723 619 153 55 852 360 523 131 698 217 563 594 795 25 846 150 870 951 438 759 913 129 473 441 797 613 123 224 853 602 366 420 754 315 510 171 753 276 879 738 988 140 335 621 234 472 177 293 422 876 619 839 383 173 395 593 146 712 258 239 236 299 278 95 850 142 840 480 514 674 397 593 71 699 771 773 794 851 206 325 435 829 801 977 983 526 36 580 919 916 25 41 18 640 502 688 862 239 770 92 632 697 779 748 478 25 768 684 402 622 799 294 505 932 803 407 498 301 112 323 105 259 560 597 649 356 575 431 197 82 911 554 81 114 693 738 50 53 498 957 758 352 177 297 117 730 535 85 836 94 189 561 127 447 986 372 136 181 98 122 450 336 487 320 711 244 213 391 239 64 356 445 802 154 564 753 81 263 480 919 820 489 594 102 892 349 426 634 127 320 602 868 954 375 507 422 864 857 585 872 516 144 846 772 738 744 758 973 882 232 290 872 701 179 302 961 742 385 427 361 818 579 263 918 462 487 490 426 646 142 888 223 677 607 402 676 643 822 363 148 591 452 751 894 29 729 167 775 73 546 679 479 430 224 54 937 880 927 309 250 253 331 326 739 344 67 194 94 777 626 318 920 21 278 769 365 827 369 888 733 320 715 353 100 463 408 793 452 552 464 795 715 513 113 894 259 125 12 550 962 534 73 997 447 227 759 458 151 455 689 110 510 39 575 930 537 978 226 276 935 274 742 541 312 830 602 407 907 384 510 239 815 819 926 199 247 718 906 872 703 950 641 997 863 354 284 676 937 183 356 281 899 735 614 688 792 531 684 616 625 352 550 767 945 449 294 691 112 376 682 819 72 353 572 984 632 744 678 958 545 926 469 724 27 229 339 79 204 237 406 716 33 289 247 351 399 873 52 413 59 593 563 560 500 537 208 546 162 629 55 47 853 726 71 698 882 826 740 715 109 215 487 875 969 966 786 783 105 221 585 758 691 264 898 952 363 908 224 490 20 793 916 574 181 358 863 306 217 549 468 573 133 336 303 844 105 687 591 533 751 425 440 941 44 297 356 588 827 119 335 973 601 250 695 316 298 913 693 610 103 479 565 556 752 11 625 355 960 54 847 675 317 690 738 595 353 975 529 884 2 274 479 98 214 495 971 883 641 987 545 191 994 980 430 271 859 883 188 32 671 1 628 773 271 659 656 911 511 100 962 322 384 809 608 829 0 466 342 257 39 741 713 972 509 655 681 337 260 467 735 470 787 496 212 1 646 706 826 554 839 60 372 540 24 222 807 184 372 601 271 392 540 930 992 930 287 655 264 616 978 318 651 43 365 492 535 887 596 606 182 294 640 788 418 979 369 172 947 286 847 496 965 659 195 342 929 856 503 282 714 991 442 210 576 520 409 328 175 532 687 920 588 765 418 977 752 752 512 13 560 114 707 977 768 481 353 992 848 22 563 679 383 313 892 191 852 429 212 897 570 41 997 415 599 927 908 199 240 218 589 176 343 490 722 599 283 464 441 94 166 417 480 152 968 7 536 274 873 226 125 322 540 614 443 519 117 291 378 840 573 154 751 629 433 387 335 893 591 292 908 387 988 117 731 153 561 844 446 591 391 633 326 14 92 266 635 728 46 202 482 991 85 601 520 12 665 850 719 581 671 642 683 580 318 737 334 422 883 290 958 272 845 786 448 940 828 737 537 166 751 606 846 389 810 916 302 386 597 718 487 711 124 865 919 749 950 745 695 355 932 212 845 756 244 209 146 298 152 580 184 928 313 552 829 64 795 293 770 401 435 947 825 164 803 247 148 979 867 699 989 82 41 181 234 538 761 90 144 600 769 3 234 16 534 558 397 571 35 854 953 656 975 294 919 984 386 680 953 997 61 167 431 452 590 101 887 131 318 290 303 705 149 169 631 432 713 809 629 244 849 576 943 12 745 333 107 747 262 250 152 80 136 146 538 602 571 781 426 433 671 266 253 744 551 248 506 805 662 487 271 577 51 709 148 485 223 419 707 256 994 140 869 67 138 222 568 2 630 28 860 931 382 196 573 582 323 198 460 497 826 301 85 774 979 574 29 427 998 53 379 152 74 169 438 530 397 185 606 329 679 504 174 633 626 339 194 854 135 565 162 24 958 209 430 692 55 94 88 563 192 140 4 577 649 708 857 213 758 42 184 137 592 131 817 322 127 451 147 639 380 175 292 432 891 355 193 864 739 745 475 303 96 42 136 539 500 597 984 918 482 981 96 92 381 24 431 827 392 107 565 603 946 448 183 17 848 571 685 293 514 992 474 12 567 881 40 549 994 278 822 530 467 229 157 399 78 199 51 867 923 365 472 632 180 872 357 648 859 119 690 928 912 690 403 489 507 84 525 499 983 881 833 113 284 35 135 717 290 784 938 649 519 817 370 149 519 841 832 695 524 392 690 874 587 893 617 777 825 668 892 994 673 552 883 41 531 359 347 144 736 639 357 74 181 41 408 94 319 254 970 665 251 830 974 590 191 958 525 391 417 358 891 622 892 943 975 967 933 328 617 160 494 687 958 884 35 616 693 546 484 523 457 571 698 226 743 843 577 292 850 572 833 956 726 378 748 734 182 237 66 441 160 990 636 809 170 564 871 90 555 575 265 979 906 894 900 320 924 665 200 132 390 641 478 44 327 538 960 580 136 301 433 456 480 43 362 467 934 888 56 178 971 486 737 275 307 853 50 832 478 428 809 516 36 933 50 519 512 591 482 631 603 291 954 254 141 808 499 862 532 433 385 36 608 21 161 903 903 203 736 473 488 128 102 707 491 916 419 546 992 842 954 343 406 425 575 679 532 483 133 499 354 187 300 45 43 773 908 15 772 147 616 309 854 8 143 475 189 246 763 224 389 953 869 689 478 42 630 183 446 481 371 420 69 237 119 300 828 57 664 717 8 404 773 845 226 645 488 397 281 100 490 285 719 909 109 400 318 610 566 0 143 724 569 290 776 195 239 616 889 842 647 131 582 45 216 985 179 24 463 832 553 232 901 346 991 85 700 159 128 718 982 217 490 663 573 283 835 482 69 30 405 871 507 439 452 358 703 674 693 124 221 293 146 734 446 910 822 222 299 690 495 80 488 170 859 429 640 918 471 932 150 696 955 432 426 682 725 462 893 632 382 26 466 3 497 689 70 756 216 663 461 612 182 378 535 325 382 336 579 23 718 785 202 760 974 524 338 713 307 764 185 360 329 667 308 468 613 484 673 170 358 884 701 808 471 537 514 576 897 100 299 388 882 870 914 597 824 705 29 973 350 357 448 452 477 100 282 515 70 66 712 897 663 409 664 833 83 393 289 436 10 762 816 206 464 797 478 459 753 711 644 907 455 700 819 1 435 249 331 370 255 998 505 830 388 401 724 472 205 80 513 430 416 592 963 588 540 242 987 680 622 823 761 359 421 804 442 963 589 663 397 833 62 918 181 11 256 985 818 62 72 5 253 672 197 214 491 862 737 231 460 193 261 651 748 431 236 146 408 583 959 761 882 542 683 679 367 497 411 951 332 555 424 924 607 616 570 89 162 207 313 579 226 358 202 203 571 411 170 749 774 110 576 234 103 311 122 710 989 517 846 994 451 785 898 904 769 337 43 131 861 147 984 201 270 380 535 524 339 479 107 956 326 661 177 222 979 189 821 296 494 859 99 644 360 319 127 441 459 298 434 234 367 38 888 626 126 375 964 723 776 598 371 510 409 890 667 790 607 676 925 579 515 747 637 2 48 339 840 950 252 94 64 41 44 873 588 287 772 550 96 604 225 98 520 895 487 589 235 470 652 337 833 782 372 854 718 620 401 885 578 786 534 13 470 681 533 329 465 535 301 379 17 56 580 321 354 417 227 741 514 459 103 369 298 915 260 281 669 189 154 968 886 887 972 309 69 211 627 838 362 157 123 699 168 272 319 776 202 50 500 300 393 660 371 119 683 164 715 555 421 252 660 276 381 333 492 130 84 271 251 142 790 389 379 356 335 403 201 25 595 484 79 618 689 853 574 226 515 853 625 905 496 71 417 110 496 847 318 834 779 189 692 930 799 358 510 4 281 14 783 280 963 689 959 936 172 42 587 527 758 266 614 231 646 346 646 718 971 268 860 488 85 366 245 405 791 148 818 330 343 570 945 501 69 345 941 806 112 480 937 454 259 790 75 513 574 461 284 452 712 791 32 12 154 294 194 596 444 553 145 23 223 256 184 188 321 113 161 300 404 839 606 491 331 405 228 294 290 732 831 329 864 366 618 551 538 932 347 774 150 345 362 558 334 914 230 3 606 887 191 461 300 983 47 872 185 540 680 748 65 899 305 711 722 815 158 857 637 632 649 388 766 386 149 59 476 48 156 417 175 225 688 402 540 369 29 880 319 746 366 997 252 598 708 250 39 650 835 519 755 373 366 973 238 802 695 913 833 987 395 136 384 263 572 840 211 903 170 353 785 278 537 891 266 651 136 167 677 899 20 825 213 637 662 802 859 714 164 738 674 116 47 331 350 229 613 988 26 868 39 136 480 482 733 477 835 474 707 586 666 528 235 934 966 569 923 747 601 770 981 496 738 432 678 669 230 205 540 37 38 148 141 809 859 884 345 731 903 184 967 384 7 577 71 146 881 112 365 780 305 865 386 256 886 542 397 47 803 64 246 629 934 669 548 518 386 425 74 82 224 192 843 416 802 597 488 161 361 532 788 118 840 760 731 172 761 885 922 317 487 298 927 839 938 337 449 337 29 553 759 455 37 282 556 112 21 970 453 289 53 236 686 270 276 127 789 174 938 375 757 501 502 757 595 925 265 4 477 465 147 150 131 807 773 333 80 557 203 618 150 790 431 633 263 250 611 657 562 811 547 275 399 653 796 257 952 279 687 630 847 17 492 987 142 903 104 878 497 943 46 231 970 319 225 966 69 869 494 344 313 608 442 666 917 871 751 478 11 515 380 800 869 572 771 133 298 444 491 360 146 733 159 619 764 315 305 80 428 830 187 82 785 343 316 239 575 825 69 270 151 626 867 981 562 246 362 397 547 91 667 625 378 134 197 580 448 822 902 602 566 670 50 180 327 298 15 525 255 531 558 472 375 220 208 520 865 177 57 518 953 907 532 336 162 562 704 650 145 735 791 752 923 467 704 481 576 686 653 264 230 836 141 16 533 194 249 157 926 677 715 270 765 384 648 659 138 713 18 765 593 364 380 520 740 805 549 907 516 726 943 178 524 793 287 117 765 516 803 967 312 546 724 467 20 520 987 539 818 45 343 862 668 888 670 865 455 621 276 727 645 341 641 199 734 536 746 972 96 531 893 621 910 50 452 47 640 912 499 219 818 9 88 471 383 81 510 635 123 421 661 143 240 75 321 970 905 524 733 483 774 15 442 287 151 721 952 617 436 622 225 543 122 56 908 635 253 169 815 653 25 110 848 674 869 750 381 834 728 481 141 115 178 15 444 803 566 800 319 662 128 892 199 500 196 117 21 183 167 685 717 735 709 80 458 663 166 768 418 401 339 117 888 955 481 109 364 106 611 105 69 452 850 153 524 132 911 348 477 751 728 197 667 42 763 405 406 98 557 781 637 798 382 918 322 10 3 243 18 86 753 914 572 62 616 265 885 555 556 325 752 817 290 666 672 141 450 846 191 76 703 266 549 830 467 270 69 932 830 513 128 667 329 390 998 813 625 605 425 497 519 850 541 232 28 819 507 715 245 181 560 157 52 942 383 486 365 741 594 346 196 953 724 42 196 84 487 899 668 858 515 845 420 694 556 852 724 316 801 648 763 353 686 649 953 971 615 387 7 511 448 884 11 79 301 566 126 499 35 944 331 607 47 386 665 715 737 357 386 531 762 49 939 945 582 842 266 74 89 225 468 100 892 156 410 631 833 340 392 989 726 225 280 857 316 155 305 300 984 237 233 257 0 476 749 399 944 65 496 459 299 51 409 810 475 231 714 891 975 33 881 396 965 396 804 536 768 82 629 427 536 966 90 852 991 210 99 416 406 11 686 768 844 933 690 675 816 470 381 85 440 414 325 950 356 837 292 604 671 213 630 862 435 69 922 333 960 557 819 265 132 298 485 963 346 112 551 31 706 129 720 297 701 544 986 122 640 139 495 153 917 494 745 193 380 824 333 774 11 356 714 259 650 115 952 142 928 361 603 243 285 260 898 541 493 333 160 891 83 799 692 820 61 665 347 637 553 292 582 522 779 777 20 349 415 460 646 585 591 843 193 279 535 252 867 657 596 203 699 47 663 441 690 211 664 893 198 985 768 315 589 636 778 81 464 508 239 548 126 32 686 575 299 239 605 413 284 808 798 690 40 350 592 534 858 337 86 809 685 521 262 661 816 275 254 557 500 454 788 359 417 47 76 667 361 88 141 450 605 251 608 389 186 78 275 238 44 243 223 126 421 430 863 605 769 24 758 24 985 48 912 830 20 438 272 992 273 924 173 769 195 635 204 434 912 873 474 738 0 15 513 257 230 661 937 987 184 471 898 337 329 117 465 556 338 777 368 748 805 282 965 119 70 454 930 786 226 429 692 895 549 20 24 969 535 655 600 359 501 285 808 801 26 836 440 78 169 647 95 135 505 726 933 717 50 393 186 776 731 151 760 754 779 2 787 309 93 495 21 683 177 9 247 519 474 163 92 234 14 852 616 579 333 556 390 823 86 306 919 141 468 824 628 349 525 53 21 24 49 130 984 673 625 411 958 496 479 413 243 886 301 952 762 878 534 181 421 222 612 963 222 786 576 880 215 352 381 897 994 420 141 68 185 883 867 942 953 922 598 893 343 673 63 33 840 516 62 749 815 343 632 799 411 85 908 197 97 745 196 605 115 582 419 823 744 232 767 878 10 592 227 498 624 718 619 549 723 543 40 698 290 631 82 650 787 342 656 99 975 670 845 208 725 992 778 761 254 240 288 607 749 183 738 222 116 133 174 693 465 358 473 554 704 498 315 483 500 768 35 401 576 667 903 340 747 18 773 631 940 858 295 483 254 433 949 106 893 859 534 653 167 963 634 616 196 290 504 227 677 294 261 485 204 887 30 82 280 398 475 97 360 543 752 607 63 990 300 271 548 209 590 640 234 381 233 612 32 287 143 456 514 546 954 646 596 809 279 366 402 867 825 494 384 437 293 624 211 26 552 206 990 232 678 467 703 620 251 822 653 418 49 993 254 18 582 814 589 106 11 254 711 933 869 681 383 95 256 797 88 609 401 6 734 937 466 281 867 486 942 975 558 456 712 983 817 832 240 365 854 479 35 105 15 298 495 56 363 997 84 607 364 454 734 44 16 42 258 317 552 300 946 102 163 35 696 254 220 885 863 551 855 890 942 608 574 296 990 436 442 409 918 870 402 334 611 103 721 668 967 774 573 923 813 553 532 932 941 980 602 240 836 478 133 532 752 473 511 125 470 720 52 822 874 142 382 76 700 828 424 592 533 552 918 88 977 932 77 389 76 642 354 10 834 201 573 439 736 869 582 137 591 595 198 246 722 751 48 671 170 455 231 112 556 9 707 283 560 44 555 819 396 122 49 827 365 42 987 673 568 942 339 831 246 286 0 937 353 671 366 225 884 406 219 620 410 242 454 824 494 289 879 692 313 763 741 469 546 370 881 680 763 375 102 227 116 399 866 269 8 770 930 889 678 330 934 990 902 429 416 123 588 162 178 279 63 647 517 482 545 530 390 982 789 686 461 509 304 991 504 11 375 184 815 724 359 990 13 983 828 750 566 117 953 758 91 600 196 823 164 468 881 384 723 478 379 947 99 991 868 425 686 911 925 405 747 403 347 454 919 72 633 534 653 794 963 273 28 31 594 860 313 481 826 35 129 991 460 337 345 411 891 21 114 403 64 655 192 548 10 688 253 742 903 92 835 347 730 929 514 106 918 67 397 8 112 205 85 889 276 756 942 9 109 508 181 611 420 250 729 308 81 480 21 906 606 570 577 734 199 781 261 531 823 239 493 823 624 106 291 859 569 302 271 254 745 244 633 395 910 223 927 479 199 205 24 437 46 490 401 541 627 350 690 494 494 410 185 870 14 358 986 313 959 869 738 778 208 766 161 361 937 182 824 976 854 781 332 618 214 55 776 133 704 749 232 219 612 777 759 334 59 763 380 552 236 613 520 329 466 246 228 280 329 39 604 444 526 713 639 712 78 566 655 959 581 853 608 210 637 519 166 431 6 826 302 173 802 271 739 241 261 3 151 967 826 496 804 665 144 788 692 898 137 46 256 492 107 420 970 383 4 310 692 947 79 796 273 502 737 430 642 254 974 398 451 75 414 687 132 84 49 943 65 849 826 268 294 960 570 809 66 381 300 355 236 951 310 204 888 29 223 301 928 714 146 438 923 738 595 180 77 419 287 886 334 61 244 842 120 811 502 312 932 927 364 260 953 619 161 499 764 209 799 103 861 748 15 351 703 388 344 556 364 389 732 646 93 414 21 175 706 467 84 76 527 910 368 0 349 885 484 304 576 96 416 867 620 184 25 586 46 893 139 731 467 945 948 542 195 718 166 539 598 986 792 296 125 722 576 950 379 14 1 817 904 39 979 268 973 864 26 909 389 434 129 813 328 352 609 581 962 826 805 631 718 945 706 590 303 119 742 897 608 74 207 31 892 321 827 427 965 679 568 330 691 257 149 163 856 979 968 772 113 994 988 552 208 370 99 958 333 389 964 853 121 129 300 315 227 97 920 6 524 181 615 282 257 474 939 460 795 542 733 324 151 969 783 613 86 654 823 522 222 869 94 576 714 714 208 562 956 834 936 759 58 961 248 931 378 705 294 733 430 638 163 790 656 640 702 152 345 686 229 572 273 398 783 655 87 39 568 543 265 377 503 961 606 973 265 189 721 851 235 380 359 89 91 584 706 303 920 74 12 56 216 269 604 363 485 660 178 592 844 338 137 751 468 52 134 201 183 682 374 512 431 494 451 848 213 184 306 199 949 783 119 493 530 209 161 234 356 243 488 605 11 128 6 896 242 608 621 39 449 504 119 237 699 499 625 722 818 756 150 301 353 979 643 60 219 643 220 258 891 900 844 940 194 769 501 302 487 554 605 605 562 267 749 444 663 881 794 30 583 439 415 600 92 186 252 32 485 946 677 599 387 362 147 549 659 179 43 930 998 323 234 263 150 545 738 86 229 198 396 338 849 189 674 452 484 244 847 7 516 468 816 541 877 6 217 200 119 200 784 484 837 864 32 260 204 152 449 547 448 166 802 287 549 338 749 197 687 695 64 415 331 36 413 529 506 693 385 143 327 538 966 29 413 912 500 985 157 414 248 332 794 299 558 350 666 528 992 538 256 20 512 424 135 369 153 800 451 502 753 510 766 306 220 910 199 773 874 636 838 764 39 273 446 732 620 31 478 62 863 977 701 847 886 307 26 542 893 43 758 700 534 654 660 737 565 488 79 648 151 892 654 355 700 491 980 238 977 402 748 122 322 388 639 775 808 919 419 913 884 657 879 830 878 137 230 384 612 709 166 132 951 830 911 970 322 346 146 395 326 787 564 491 295 636 377 145 15 884 929 646 69 165 764 493 12 824 476 562 261 595 625 268 235 616 170 492 477 668 453 

0 0 0 0 0 0 0 0 0 0 1 1 1 1 1 1 1 1 1 1 1 2 2 2 2 2 2 2 3 3 3 3 3 3 3 4 4 4 4 4 4 4 4 4 4 5 5 5 5 5 6 6 6 6 6 6 6 6 7 7 7 7 7 7 7 7 7 8 8 8 8 8 8 8 8 8 8 8 9 9 9 9 9 9 10 10 10 10 10 10 10 10 10 10 10 10 10 11 11 11 11 11 11 11 11 11 11 11 11 11 11 11 11 12 12 12 12 12 12 12 12 12 12 12 12 12 13 13 13 13 13 13 13 13 13 13 13 14 14 14 14 14 14 14 14 15 15 15 15 15 15 15 15 15 15 15 16 16 16 16 16 16 16 16 17 17 17 17 17 17 17 17 18 18 18 18 18 18 18 18 18 19 19 19 19 19 19 19 19 19 20 20 20 20 20 20 20 20 20 20 21 21 21 21 21 21 21 21 21 21 21 21 21 22 22 22 22 22 22 22 22 22 23 23 23 23 23 24 24 24 24 24 24 24 24 24 24 24 24 24 25 25 25 25 25 25 25 25 25 25 25 26 26 26 26 26 26 26 26 26 26 26 26 26 26 26 26 27 27 27 27 27 27 27 28 28 28 28 28 28 28 28 28 29 29 29 29 29 29 29 29 29 29 29 29 29 29 29 30 30 30 30 30 30 30 30 30 30 30 30 30 31 31 31 31 31 31 31 31 31 31 32 32 32 32 32 32 32 32 32 32 33 33 33 33 33 33 33 33 33 33 33 34 34 34 35 35 35 35 35 35 35 35 35 35 35 35 36 36 36 36 36 36 36 36 36 36 36 36 36 37 37 37 37 37 37 37 38 38 38 38 39 39 39 39 39 39 39 39 39 39 39 39 39 39 39 40 40 40 40 40 40 40 41 41 41 41 41 41 41 41 41 41 41 42 42 42 42 42 42 42 42 42 42 42 42 42 43 43 43 43 43 43 43 43 43 43 43 43 43 44 44 44 44 44 44 44 44 44 44 44 44 44 45 45 45 45 45 45 45 45 45 45 46 46 46 46 46 46 46 46 46 46 46 47 47 47 47 47 47 47 47 47 47 47 47 48 48 48 48 48 48 48 48 48 49 49 49 49 49 49 49 49 50 50 50 50 50 50 50 50 50 51 51 51 51 51 51 51 51 52 52 52 52 52 52 52 52 52 52 53 53 53 53 53 53 53 53 53 53 54 54 54 54 54 54 54 54 55 55 55 55 55 55 55 55 55 55 55 56 56 56 56 56 56 56 56 56 56 57 57 57 57 57 57 57 57 57 57 58 58 58 58 58 58 58 58 58 59 59 59 59 59 59 59 59 59 59 60 60 60 60 60 60 60 60 60 60 60 61 61 61 61 61 61 61 61 61 61 61 61 61 62 62 62 62 62 63 63 63 63 63 63 63 63 63 64 64 64 64 64 64 64 64 64 64 64 65 65 65 65 65 65 65 66 66 66 66 66 66 66 66 67 67 67 67 67 67 67 67 67 68 68 68 68 68 68 69 69 69 69 69 69 69 69 69 69 69 69 69 69 69 69 69 69 70 70 70 70 70 70 70 70 70 70 70 70 71 71 71 71 71 71 71 71 71 71 71 71 71 72 72 72 72 72 72 73 73 73 73 73 73 73 74 74 74 74 74 74 74 74 74 74 74 74 74 74 75 75 75 75 75 75 75 75 75 75 76 76 76 76 76 76 76 76 76 76 77 77 77 77 77 77 77 77 77 78 78 78 78 78 78 78 78 78 78 78 79 79 79 79 79 79 79 79 79 80 80 80 80 80 80 80 80 80 80 80 80 80 80 81 81 81 81 81 81 81 81 81 81 81 81 82 82 82 82 82 82 82 82 82 82 82 82 82 82 83 83 83 83 83 83 83 84 84 84 84 84 84 84 84 84 84 84 84 84 85 85 85 85 85 85 85 85 85 85 85 85 85 85 85 85 85 85 85 85 86 86 86 86 86 86 86 86 86 86 86 87 87 87 87 87 87 87 88 88 88 88 88 88 88 88 88 88 88 88 88 89 89 89 89 89 89 90 90 90 90 90 90 90 90 90 90 90 90 91 91 91 91 91 91 92 92 92 92 92 92 92 92 92 92 92 92 92 92 92 93 93 93 93 93 93 93 93 93 93 94 94 94 94 94 94 94 94 94 94 94 94 94 94 94 94 95 95 95 95 95 95 95 95 95 95 95 95 96 96 96 96 96 96 96 96 96 96 97 97 97 97 97 97 97 97 97 98 98 98 98 99 99 99 99 99 99 99 99 99 99 100 100 100 100 100 100 100 100 100 100 100 100 100 100 101 101 101 101 102 102 102 102 102 102 102 102 102 103 103 103 103 103 103 103 103 103 103 103 103 104 104 104 104 104 104 105 105 105 105 105 105 105 105 106 106 106 106 106 106 106 106 107 107 107 107 107 107 107 107 107 107 108 108 108 108 109 109 109 109 109 109 109 109 109 109 109 109 110 110 110 110 110 110 110 110 110 110 111 111 112 112 112 112 112 112 112 112 112 112 112 112 112 112 112 113 113 113 113 113 113 113 113 113 113 113 114 114 114 114 114 114 114 114 114 115 115 115 115 115 115 115 116 116 116 116 116 116 116 116 116 117 117 117 117 117 117 117 117 117 117 117 117 118 118 118 118 119 119 119 119 119 119 119 119 119 119 119 120 120 120 120 120 120 121 121 121 121 121 121 121 122 122 122 122 122 122 122 122 122 122 122 123 123 123 123 123 123 123 123 124 124 124 124 124 124 125 125 125 125 125 125 125 125 125 125 125 125 125 125 126 126 126 126 126 126 126 126 126 126 127 127 127 127 127 127 127 127 127 127 127 127 127 127 128 128 128 128 128 128 128 128 128 128 128 128 129 129 129 129 129 129 129 129 129 129 129 130 130 130 130 130 130 131 131 131 131 131 131 131 131 131 132 132 132 132 132 132 132 132 132 132 132 132 132 132 132 133 133 133 133 133 133 133 133 133 133 133 133 133 134 134 134 134 134 134 135 135 135 135 135 135 135 135 135 136 136 136 136 136 136 136 136 136 136 137 137 137 137 137 137 137 137 137 137 137 138 138 138 138 139 139 139 140 140 140 140 140 140 140 140 140 141 141 141 141 141 141 141 141 141 141 141 142 142 142 142 142 142 142 142 143 143 143 143 143 143 143 144 144 144 144 144 144 144 144 144 145 145 145 145 145 145 145 145 145 146 146 146 146 146 146 146 146 146 146 146 146 146 147 147 147 147 147 147 147 147 147 147 148 148 148 148 148 148 148 148 148 148 148 148 148 148 148 148 149 149 149 149 149 149 149 149 149 150 150 150 150 150 150 150 150 150 150 150 150 150 151 151 151 151 151 151 151 151 151 151 151 151 151 151 152 152 152 152 152 152 152 152 152 152 153 153 153 153 153 153 153 153 153 153 154 154 154 154 154 154 154 154 154 154 154 155 155 155 155 155 156 156 156 156 156 156 156 156 157 157 157 157 157 157 157 157 157 157 157 157 157 157 158 158 158 158 158 158 158 158 158 159 159 159 159 159 159 160 160 160 160 160 160 160 160 160 161 161 161 161 161 161 161 161 161 161 161 161 161 162 162 162 162 162 162 162 162 162 163 163 163 163 163 163 163 163 163 163 163 163 164 164 164 164 164 164 164 164 164 165 165 165 165 165 166 166 166 166 166 166 166 166 166 166 166 166 166 166 166 166 167 167 167 167 167 167 167 167 167 168 168 168 168 168 168 168 168 168 168 168 168 169 169 169 169 169 169 169 170 170 170 170 170 170 170 170 170 170 170 170 170 170 170 170 170 171 171 172 172 172 172 172 172 172 172 172 172 173 173 173 173 173 173 173 173 174 174 174 174 174 174 174 174 174 174 174 174 175 175 175 175 175 175 175 175 175 175 175 176 176 176 176 176 176 176 176 176 176 176 177 177 177 177 177 177 177 177 177 177 178 178 178 178 178 178 178 178 178 178 179 179 179 179 179 179 179 180 180 180 180 180 180 180 180 180 180 180 181 181 181 181 181 181 181 181 181 181 181 181 181 181 181 181 182 182 182 182 182 182 182 182 182 182 182 182 182 183 183 183 183 183 183 183 183 183 183 183 183 183 183 184 184 184 184 184 184 184 184 184 184 184 184 185 185 185 185 185 185 185 185 186 186 186 186 186 186 187 187 187 187 187 187 187 187 187 187 187 187 187 188 188 188 188 188 188 188 188 189 189 189 189 189 189 189 189 189 189 189 189 189 189 189 189 189 189 189 190 190 190 190 190 191 191 191 191 191 191 191 191 191 192 192 192 192 192 192 192 192 193 193 193 193 193 193 193 193 193 194 194 194 194 194 194 194 194 194 194 194 195 195 195 195 195 195 195 195 196 196 196 196 196 196 196 196 196 197 197 197 197 197 197 197 197 197 197 197 197 197 198 198 198 198 198 198 198 198 198 198 198 199 199 199 199 199 199 199 199 199 199 199 199 199 199 200 200 200 200 200 200 200 200 201 201 201 201 201 201 201 201 201 201 201 201 201 202 202 202 202 202 202 202 202 202 202 202 202 202 202 203 203 203 203 203 203 203 203 203 203 203 204 204 204 204 204 204 204 204 204 204 204 204 204 205 205 205 205 205 205 205 205 205 205 206 206 206 206 206 206 206 206 206 206 206 207 207 207 207 207 207 207 207 207 207 207 208 208 208 208 208 208 208 208 208 209 209 209 209 209 209 209 209 209 209 209 209 210 210 210 210 210 210 211 211 211 211 211 211 211 211 211 211 211 211 212 212 212 212 212 212 212 212 212 212 212 212 212 212 213 213 213 213 213 213 213 213 213 213 213 214 214 214 214 214 214 214 214 215 215 215 215 215 215 215 215 215 215 215 215 215 215 216 216 216 216 216 217 217 217 217 217 217 217 217 217 217 217 217 217 217 217 218 218 218 218 218 218 218 218 218 218 218 218 218 219 219 219 219 219 219 219 219 219 219 219 220 220 220 220 220 220 221 221 221 221 221 221 221 221 221 221 222 222 222 222 222 222 222 222 222 222 222 222 222 222 223 223 223 223 223 223 223 223 223 224 224 224 224 224 224 224 224 225 225 225 225 225 225 225 225 225 225 225 226 226 226 226 226 226 226 226 226 226 226 226 226 227 227 227 227 227 227 227 227 228 228 228 228 228 228 229 229 229 229 229 229 229 229 229 230 230 230 230 230 230 230 230 230 231 231 231 231 231 231 231 231 231 231 231 232 232 232 232 232 232 232 232 232 232 233 233 233 233 233 233 233 233 233 233 233 233 234 234 234 234 234 234 234 234 234 234 234 234 234 234 235 235 235 235 235 235 235 235 235 236 236 236 236 236 236 236 236 236 236 237 237 237 237 237 237 237 237 237 237 237 238 238 238 238 238 238 238 238 238 239 239 239 239 239 239 239 239 239 239 239 239 239 239 239 239 240 240 240 240 240 240 240 240 240 240 240 241 241 241 241 241 241 241 242 242 242 242 242 242 242 242 242 242 242 242 242 242 243 243 243 243 243 243 243 243 243 244 244 244 244 244 244 244 244 244 245 245 245 245 245 245 245 245 245 246 246 246 246 246 246 246 246 246 246 246 246 247 247 247 247 247 247 247 247 247 247 248 248 248 248 248 248 248 248 249 249 249 249 249 249 249 249 249 250 250 250 250 250 250 250 250 250 250 250 250 251 251 251 251 251 251 251 251 251 251 252 252 252 252 252 252 252 252 252 252 252 252 253 253 253 253 253 253 253 253 253 254 254 254 254 254 254 254 254 254 254 254 254 254 254 254 254 255 255 255 255 255 255 255 255 255 255 256 256 256 256 256 256 256 256 256 256 256 256 256 257 257 257 257 257 257 257 258 258 258 258 258 258 258 258 258 258 258 258 258 258 259 259 259 259 259 259 259 259 259 259 259 259 259 260 260 260 260 260 260 260 260 260 260 260 260 261 261 261 261 261 261 261 261 261 261 261 261 262 262 262 262 262 262 262 262 262 263 263 263 263 263 263 263 263 263 263 264 264 264 264 264 264 264 264 264 264 264 265 265 265 265 265 265 265 265 265 265 266 266 266 266 266 266 266 266 266 266 266 266 267 267 267 267 267 267 267 267 268 268 268 268 268 268 268 268 268 269 269 269 269 269 269 270 270 270 270 270 270 270 270 270 270 270 271 271 271 271 271 271 271 271 271 271 271 271 271 271 271 272 272 272 272 272 272 273 273 273 273 273 273 273 274 274 274 274 274 274 274 274 274 274 274 274 274 274 275 275 275 275 275 275 275 275 275 275 276 276 276 276 276 276 276 276 277 277 277 278 278 278 278 278 278 278 278 278 278 279 279 279 279 279 279 279 279 279 279 280 280 280 280 280 280 280 280 280 280 280 280 281 281 281 281 281 281 281 281 281 281 281 281 281 281 281 282 282 282 282 282 282 282 282 283 283 283 283 283 283 283 284 284 284 284 284 284 284 284 284 284 284 284 284 285 285 285 285 285 285 285 285 285 286 286 286 286 286 286 286 286 286 286 286 286 286 287 287 287 287 287 287 287 287 288 288 288 288 288 288 288 289 289 289 289 289 289 290 290 290 290 290 290 290 290 290 290 290 290 291 291 291 291 291 291 291 291 291 292 292 292 292 292 292 292 292 292 292 293 293 293 293 293 293 293 293 293 293 293 294 294 294 294 294 294 294 294 294 294 294 294 294 294 294 295 295 295 295 295 295 295 295 296 296 296 296 296 296 296 296 296 296 297 297 297 297 297 298 298 298 298 298 298 298 298 298 298 298 298 298 299 299 299 299 299 299 299 299 299 299 299 299 300 300 300 300 300 300 300 300 300 300 300 300 300 300 300 300 301 301 301 301 301 301 301 301 301 301 302 302 302 302 302 302 302 302 303 303 303 303 303 303 303 303 303 303 303 303 303 303 303 303 304 304 304 304 304 304 304 305 305 305 305 305 305 306 306 306 306 306 306 306 306 306 306 306 307 307 307 307 307 307 307 307 308 308 308 308 308 308 308 308 308 308 309 309 309 309 309 309 309 309 309 309 309 309 309 309 309 310 310 310 310 310 310 310 310 310 311 311 311 311 311 311 311 311 311 311 311 312 312 312 312 312 312 312 312 313 313 313 313 313 313 313 313 313 313 313 313 313 313 313 314 314 314 314 314 315 315 315 315 315 315 315 315 315 315 315 315 316 316 316 316 316 316 316 316 316 316 316 317 317 317 317 317 318 318 318 318 318 318 318 318 318 318 318 318 319 319 319 319 319 319 319 319 319 319 319 319 319 320 320 320 320 320 320 320 321 321 321 321 321 321 321 322 322 322 322 322 322 322 322 322 322 322 322 322 323 323 323 323 323 323 324 324 324 324 324 324 324 324 325 325 325 325 325 325 325 325 325 325 325 325 326 326 326 326 326 326 326 327 327 327 327 327 327 327 328 328 328 328 328 328 328 329 329 329 329 329 329 329 329 329 329 329 329 329 329 330 330 330 330 330 330 330 330 330 331 331 331 331 331 331 331 331 331 331 332 332 332 332 332 332 332 333 333 333 333 333 333 333 333 333 333 333 333 333 333 334 334 334 334 334 334 334 334 335 335 335 335 335 335 335 335 335 335 335 335 335 336 336 336 336 336 336 336 337 337 337 337 337 337 337 337 337 337 337 337 337 337 338 338 338 338 338 338 338 338 338 338 338 338 339 339 339 339 339 339 339 339 339 339 339 339 339 339 339 339 340 340 340 340 340 340 341 341 341 342 342 342 342 342 342 342 342 342 342 343 343 343 343 343 343 343 343 343 344 344 344 344 344 344 344 344 344 345 345 345 345 345 345 345 345 345 345 345 345 345 346 346 346 346 346 346 346 346 346 347 347 347 347 347 347 347 348 348 348 348 348 348 348 348 349 349 349 349 349 349 349 349 349 350 350 350 350 350 350 350 350 350 350 350 350 350 350 350 351 351 351 351 351 351 351 351 351 351 352 352 352 352 352 352 352 352 353 353 353 353 353 353 353 353 353 353 353 354 354 354 354 354 354 354 354 354 354 354 354 354 355 355 355 355 355 355 355 355 355 355 355 355 355 356 356 356 356 356 356 356 356 356 356 356 356 356 356 356 356 357 357 357 357 357 357 357 357 357 357 357 357 358 358 358 358 358 358 358 358 358 358 358 358 358 358 358 358 359 359 359 359 359 359 359 359 359 359 359 360 360 360 360 360 360 360 360 360 360 360 361 361 361 361 361 361 361 361 361 361 361 361 361 361 362 362 362 362 362 362 362 362 362 362 362 362 363 363 363 363 363 363 363 363 364 364 364 364 364 364 364 364 364 365 365 365 365 365 365 365 365 365 365 366 366 366 366 366 366 366 366 366 366 366 366 366 366 366 366 367 367 367 367 367 367 367 367 367 367 368 368 368 368 368 368 368 368 368 369 369 369 369 369 369 369 369 369 369 370 370 370 370 370 370 370 370 370 370 371 371 371 371 372 372 372 372 372 372 372 372 372 372 372 372 372 373 373 373 373 373 373 374 374 374 374 374 374 374 374 374 374 374 374 374 375 375 375 375 375 375 375 375 375 375 375 375 375 375 375 375 376 376 376 376 376 376 376 376 376 376 376 376 376 377 377 377 377 378 378 378 378 378 378 378 378 378 378 378 379 379 379 379 379 379 379 379 379 379 379 379 380 380 380 380 380 380 380 380 380 380 380 380 380 381 381 381 381 381 381 381 381 381 381 381 382 382 382 382 382 382 382 382 382 382 382 383 383 383 383 383 383 383 383 383 383 383 383 384 384 384 384 384 384 384 384 384 384 384 384 384 384 385 385 385 385 385 385 385 386 386 386 386 386 386 386 386 386 386 386 386 387 387 387 387 387 387 387 387 387 387 388 388 388 388 388 388 388 388 388 388 388 389 389 389 389 389 389 389 389 389 389 389 389 389 389 390 390 390 390 390 390 390 390 390 390 390 391 391 391 391 391 391 391 391 391 392 392 392 392 392 392 392 392 392 392 392 392 393 393 393 393 393 393 393 393 393 393 394 394 394 394 394 394 394 394 395 395 395 395 395 395 395 395 396 396 396 396 396 396 396 396 396 396 397 397 397 397 397 397 397 397 397 397 397 397 397 397 397 398 398 398 398 398 398 398 398 398 399 399 399 399 399 399 399 399 399 399 399 400 400 400 400 400 400 400 400 400 401 401 401 401 401 401 401 401 401 401 401 401 401 401 401 402 402 402 402 402 402 402 402 402 402 402 402 402 403 403 403 403 403 403 403 403 403 404 404 404 404 404 404 404 405 405 405 405 405 405 405 405 405 405 405 405 405 405 405 405 405 405 406 406 406 406 406 406 406 406 406 406 406 406 407 407 407 407 407 407 407 407 407 408 408 408 408 408 408 408 408 409 409 409 409 409 409 409 409 410 410 410 410 410 410 410 410 410 411 411 411 411 411 411 411 411 411 412 412 412 412 412 412 413 413 413 413 413 413 413 413 413 414 414 414 414 414 414 414 414 414 414 415 415 415 415 415 415 415 415 415 415 415 415 415 416 416 416 416 416 416 416 416 416 417 417 417 417 417 417 417 417 417 417 417 418 418 418 418 418 418 418 418 418 418 418 419 419 419 419 419 419 419 419 419 419 419 419 419 420 420 420 420 420 420 420 420 420 420 420 421 421 421 421 421 421 421 421 421 421 421 421 422 422 422 422 422 422 423 423 423 423 423 423 424 424 424 424 424 424 425 425 425 425 425 425 425 425 425 425 425 425 425 426 426 426 426 426 426 426 426 426 426 426 426 427 427 427 427 427 427 428 428 428 428 429 429 429 429 429 429 429 429 429 429 430 430 430 430 430 430 430 430 430 430 430 430 430 430 431 431 431 431 431 431 431 431 431 431 431 431 431 432 432 432 432 432 432 432 433 433 433 433 433 433 433 433 434 434 434 434 434 434 434 434 434 434 434 434 434 435 435 435 435 435 436 436 436 436 436 436 436 437 437 437 437 437 437 437 437 437 437 438 438 438 438 438 438 438 438 438 438 438 439 439 439 439 439 439 439 439 439 440 440 440 440 440 440 440 440 441 441 441 441 441 441 441 441 441 442 442 442 442 442 442 442 442 442 442 443 443 443 443 443 444 444 444 444 444 444 444 444 444 445 445 445 445 445 445 445 445 446 446 446 446 446 446 446 446 446 447 447 447 447 448 448 448 448 448 448 448 448 448 448 448 448 448 448 448 449 449 449 449 449 449 449 449 449 449 450 450 450 450 450 450 450 451 451 451 451 451 451 451 451 452 452 452 452 452 452 452 452 452 452 452 452 452 452 453 453 453 453 453 453 453 453 453 453 453 454 454 454 454 454 454 454 454 454 454 454 455 455 455 455 455 455 455 455 455 455 456 456 456 456 456 456 456 456 456 456 457 457 457 457 457 457 458 458 458 458 458 458 459 459 459 459 459 459 459 459 459 460 460 460 460 460 460 460 460 460 461 461 461 461 461 461 461 461 461 461 462 462 462 462 462 462 463 463 463 463 463 463 463 463 463 464 464 464 464 464 464 464 464 464 465 465 465 465 465 466 466 466 466 466 466 466 467 467 467 467 467 467 467 467 467 467 467 467 467 467 467 467 467 468 468 468 468 468 468 468 468 468 468 468 469 469 469 469 469 469 469 470 470 470 470 470 470 470 470 470 470 470 470 470 470 470 471 471 471 471 471 471 471 471 471 471 472 472 472 472 472 472 472 472 472 472 473 473 473 473 473 473 473 473 473 474 474 474 474 474 474 474 474 474 474 475 475 475 475 475 475 475 475 476 476 476 476 476 476 476 476 477 477 477 477 477 477 477 477 477 477 477 477 478 478 478 478 478 478 478 478 478 478 478 478 478 478 479 479 479 479 479 479 479 479 479 479 479 479 479 479 479 479 480 480 480 480 480 480 480 480 480 480 480 481 481 481 481 481 481 481 481 481 481 481 481 481 481 482 482 482 482 482 482 482 482 482 482 482 482 483 483 483 483 483 483 483 483 483 484 484 484 484 484 484 484 484 485 485 485 485 485 485 485 485 485 485 486 486 486 486 486 486 486 486 486 486 486 486 487 487 487 487 487 487 487 487 487 487 487 487 487 487 487 487 488 488 488 488 488 488 488 488 488 488 489 489 489 489 489 489 489 489 490 490 490 490 490 490 490 490 490 490 491 491 491 491 491 491 491 491 491 491 491 491 492 492 492 492 492 492 492 492 492 492 492 492 492 492 492 492 493 493 493 493 493 493 493 493 493 493 493 493 493 493 493 494 494 494 494 494 494 494 494 494 494 494 494 494 494 495 495 495 495 495 495 495 495 495 495 495 495 496 496 496 496 496 496 496 496 496 496 496 496 496 496 496 497 497 497 497 497 497 497 497 497 497 497 497 498 498 498 498 498 498 498 498 498 499 499 499 499 499 499 499 499 499 499 499 499 500 500 500 500 500 500 500 500 500 500 500 501 501 501 501 501 501 501 501 502 502 502 502 502 502 502 502 502 502 502 502 502 502 502 502 503 503 503 503 503 503 503 503 503 504 504 504 504 504 504 504 504 505 505 505 505 505 505 505 505 505 506 506 506 506 506 507 507 507 507 507 507 507 507 507 508 508 508 508 508 508 509 509 509 509 509 509 509 509 509 509 510 510 510 510 510 510 510 510 510 510 511 511 511 511 511 511 511 511 512 512 512 512 512 512 512 512 512 513 513 513 513 513 513 513 513 513 514 514 514 514 514 514 514 514 514 514 515 515 515 515 515 515 515 515 515 515 515 516 516 516 516 516 516 516 516 516 516 517 517 517 517 517 517 517 517 518 518 518 518 518 519 519 519 519 519 519 519 519 519 519 519 519 519 519 520 520 520 520 520 520 520 520 520 520 520 520 520 520 521 521 521 521 521 521 521 522 522 522 522 522 522 522 523 523 523 523 523 523 523 523 523 524 524 524 524 524 524 524 524 524 524 524 525 525 525 525 525 525 525 525 525 525 525 525 526 526 526 526 526 526 527 527 527 527 527 527 527 527 528 528 528 528 528 528 528 529 529 529 529 529 529 529 529 529 529 529 529 529 529 529 529 529 530 530 530 530 530 530 530 530 530 530 530 530 531 531 531 531 531 531 531 531 531 532 532 532 532 532 532 532 532 532 532 532 533 533 533 533 533 533 533 533 533 533 533 533 533 534 534 534 534 534 534 534 534 534 534 534 534 535 535 535 535 535 535 535 535 535 535 535 536 536 536 536 536 536 536 536 536 536 536 537 537 537 537 537 537 537 537 537 537 537 538 538 538 538 538 538 538 538 538 538 538 538 539 539 539 539 539 539 539 539 539 539 539 539 539 540 540 540 540 540 540 540 540 540 540 541 541 541 541 541 541 541 541 542 542 542 542 542 542 542 542 542 543 543 543 543 543 543 543 543 543 543 543 544 544 544 544 544 544 544 544 545 545 545 545 545 545 545 545 545 546 546 546 546 546 546 546 546 546 546 546 546 546 546 547 547 547 547 547 547 547 547 547 547 547 547 547 547 547 548 548 548 548 548 548 548 548 548 548 549 549 549 549 549 549 549 549 549 549 549 550 550 550 550 550 551 551 551 551 551 551 551 551 551 551 551 551 552 552 552 552 552 552 552 552 552 552 552 552 552 552 552 552 553 553 553 553 553 553 553 553 553 554 554 554 554 554 554 554 555 555 555 555 555 555 555 555 555 555 555 555 556 556 556 556 556 556 556 556 556 556 556 556 556 556 556 556 557 557 557 557 557 557 557 557 557 557 558 558 558 558 558 558 558 558 558 558 558 559 559 559 559 559 559 559 559 559 559 560 560 560 560 560 560 560 560 560 560 560 561 561 561 562 562 562 562 562 562 562 562 562 562 562 562 562 562 563 563 563 563 563 563 564 564 564 564 564 564 564 564 564 564 564 565 565 565 565 565 565 565 566 566 566 566 566 566 566 566 566 566 566 566 566 566 567 567 567 567 568 568 568 568 568 568 568 568 568 568 568 568 568 569 569 569 569 569 569 569 570 570 570 570 570 570 571 571 571 571 571 571 571 571 571 571 571 571 571 571 572 572 572 572 572 572 572 572 572 573 573 573 573 573 573 573 573 574 574 574 574 574 574 574 574 574 574 574 575 575 575 575 575 575 575 575 575 575 575 575 575 576 576 576 576 576 576 576 576 576 576 576 576 576 577 577 577 577 577 577 577 577 577 577 577 577 577 577 577 577 578 578 578 578 578 578 578 578 579 579 579 579 579 579 579 579 579 580 580 580 580 580 580 580 580 580 580 581 581 581 581 581 581 581 582 582 582 582 582 582 582 582 582 582 582 582 582 583 583 583 583 583 583 583 583 583 584 584 584 584 584 584 585 585 585 585 585 585 586 586 586 586 586 586 586 587 587 587 587 587 587 587 587 587 587 588 588 588 588 588 588 588 588 588 588 588 589 589 589 589 589 589 589 589 590 590 590 590 590 590 590 590 591 591 591 591 591 591 591 591 591 591 591 591 592 592 592 592 592 592 592 592 592 592 592 592 593 593 593 593 593 593 593 593 593 593 593 594 594 594 594 594 594 594 594 595 595 595 595 595 595 595 595 595 595 595 595 595 596 596 596 596 596 596 596 596 597 597 597 597 597 597 597 597 597 597 597 597 597 597 598 598 598 598 598 598 598 598 598 599 599 599 599 599 599 599 599 599 600 600 600 600 600 600 600 601 601 601 601 601 601 601 602 602 602 602 602 602 602 602 602 602 603 603 603 603 603 603 603 603 603 603 603 603 604 604 604 604 604 604 604 604 604 604 605 605 605 605 605 605 605 605 605 605 605 605 605 606 606 606 606 606 606 606 606 606 606 606 606 606 606 606 606 606 606 607 607 607 607 607 607 607 607 607 607 607 608 608 608 608 608 608 608 608 608 608 608 609 609 609 609 609 609 609 609 609 609 609 610 610 610 610 610 610 610 610 610 611 611 611 611 611 611 611 611 611 611 612 612 612 612 612 612 612 612 612 612 612 612 612 612 613 613 613 613 613 613 613 613 613 613 614 614 614 614 614 614 614 614 614 614 614 614 614 615 615 615 615 615 615 615 615 616 616 616 616 616 616 616 616 616 616 616 616 616 616 616 616 617 617 617 617 617 617 618 618 618 618 618 618 618 618 618 618 618 618 618 618 618 619 619 619 619 619 619 619 620 620 620 620 620 620 620 620 620 620 620 620 621 621 621 621 621 621 621 621 621 622 622 622 622 622 622 622 622 622 623 623 623 623 624 624 624 624 624 624 624 624 624 625 625 625 625 625 625 625 625 625 625 625 625 626 626 626 626 626 626 627 627 627 627 627 627 628 628 628 628 628 628 628 628 629 629 629 629 629 629 629 629 629 629 629 629 629 629 629 629 629 629 630 630 630 630 630 630 630 630 630 630 630 630 630 630 631 631 631 631 631 631 631 631 631 631 631 631 631 631 631 632 632 632 632 632 632 632 632 632 632 632 632 633 633 633 633 633 633 633 633 633 633 633 633 633 634 634 634 634 634 634 634 634 635 635 635 635 635 635 635 635 635 635 636 636 636 636 636 636 637 637 637 637 637 637 637 637 637 637 637 637 637 638 638 638 638 638 638 638 638 639 639 639 639 639 639 639 640 640 640 640 640 640 640 640 640 640 640 641 641 641 641 641 641 641 641 641 642 642 642 642 642 642 642 642 642 642 643 643 643 643 643 643 643 643 643 643 643 644 644 644 644 644 644 644 645 645 645 646 646 646 646 646 646 646 646 646 646 646 646 646 646 646 646 647 647 647 647 647 647 647 647 648 648 648 648 648 648 648 648 648 648 648 649 649 649 649 649 649 649 649 649 649 649 650 650 650 650 650 650 650 650 650 650 651 651 651 651 651 651 651 651 651 652 652 652 652 652 652 652 652 652 652 653 653 653 653 653 653 653 653 653 653 654 654 654 654 654 654 654 654 654 654 654 654 655 655 655 655 655 655 655 655 655 655 655 655 656 656 656 656 656 656 656 656 656 657 657 657 657 657 657 657 657 658 658 658 658 659 659 659 659 659 659 659 659 659 660 660 660 660 660 660 660 660 660 660 660 660 660 661 661 661 661 661 661 662 662 662 662 662 662 663 663 663 663 663 663 663 663 663 663 663 663 663 664 664 664 664 664 664 664 664 664 664 665 665 665 665 665 665 665 665 665 665 665 665 665 666 666 666 666 666 666 666 667 667 667 667 667 667 667 667 667 667 667 667 667 667 668 668 668 668 668 668 668 668 668 668 668 668 668 668 668 669 669 669 669 669 669 669 669 669 670 670 670 670 670 670 670 670 671 671 671 671 671 671 671 671 671 671 671 671 672 672 672 672 672 672 672 672 673 673 673 673 673 673 673 673 673 674 674 674 674 674 674 674 674 674 675 675 675 675 675 675 675 675 675 675 676 676 676 676 676 676 676 677 677 677 677 677 677 677 678 678 678 678 678 678 678 678 678 679 679 679 679 679 679 679 679 679 679 679 679 679 680 680 680 680 680 680 680 680 680 681 681 681 681 681 681 681 681 681 681 681 681 682 682 682 682 682 682 682 682 682 682 682 682 682 683 683 683 683 683 683 683 684 684 684 684 684 684 684 684 684 684 685 685 685 685 685 685 685 685 686 686 686 686 686 686 686 686 686 686 686 686 686 686 686 686 686 687 687 687 687 687 687 687 687 687 687 687 687 688 688 688 688 688 688 688 688 689 689 689 689 689 689 689 689 690 690 690 690 690 690 690 690 690 690 690 690 690 690 690 690 690 690 690 691 691 691 691 691 691 691 691 692 692 692 692 692 692 692 692 692 692 692 692 692 692 693 693 693 693 693 693 693 693 693 693 693 693 694 694 694 694 695 695 695 695 695 695 695 695 695 696 696 696 696 696 696 696 696 696 697 697 697 698 698 698 698 698 698 698 699 699 699 699 699 699 699 699 699 699 699 699 699 699 699 699 700 700 700 700 700 700 700 700 700 700 700 701 701 701 701 701 701 701 701 701 702 702 702 702 702 702 702 702 703 703 703 703 703 703 703 703 704 704 704 704 704 704 704 704 704 705 705 705 705 705 705 705 705 705 705 705 705 706 706 706 706 706 706 706 706 706 706 706 707 707 707 707 707 707 707 707 707 707 707 708 708 708 708 708 708 708 708 708 708 708 709 709 709 709 709 709 709 709 709 709 709 709 710 710 710 711 711 711 711 711 711 711 711 711 711 711 712 712 712 712 712 712 712 712 712 713 713 713 713 713 713 713 713 714 714 714 714 714 714 714 714 714 714 714 714 715 715 715 715 715 715 715 715 715 715 715 715 715 715 715 716 716 716 716 716 716 717 717 717 717 717 717 718 718 718 718 718 718 718 718 718 718 718 718 718 718 719 719 719 719 719 719 719 719 719 719 719 720 720 720 720 720 720 720 720 721 721 721 721 721 721 721 721 721 721 721 722 722 722 722 722 722 722 722 722 723 723 723 723 723 723 723 724 724 724 724 724 724 724 724 724 724 724 724 724 725 725 725 725 725 726 726 726 726 726 726 726 726 726 727 727 727 727 727 727 727 727 728 728 728 728 728 728 728 729 729 729 729 730 730 730 730 730 730 731 731 731 731 731 731 731 732 732 732 732 732 732 732 732 732 733 733 733 733 733 733 733 733 733 733 733 733 733 733 733 733 734 734 734 734 734 734 734 734 734 734 734 734 734 734 735 735 735 735 735 735 735 735 736 736 736 736 736 736 736 736 736 737 737 737 737 737 737 737 737 737 737 737 738 738 738 738 738 738 738 738 738 738 738 738 738 738 738 738 738 738 738 738 739 739 739 739 739 739 739 740 740 740 741 741 741 741 741 741 741 741 742 742 742 742 742 742 743 743 743 743 743 743 743 743 743 743 743 744 744 744 744 744 744 744 744 744 744 744 744 745 745 745 745 745 745 745 745 745 745 746 746 746 746 746 746 746 747 747 747 747 747 747 747 747 747 747 747 747 747 747 747 747 747 747 748 748 748 748 748 748 748 748 748 748 748 748 748 748 749 749 749 749 749 749 749 749 749 749 749 749 749 749 749 750 750 750 750 750 750 750 751 751 751 751 751 751 751 751 751 751 752 752 752 752 752 752 752 752 752 752 752 753 753 753 753 753 753 753 753 753 754 754 754 754 754 754 754 754 754 754 754 755 755 755 755 756 756 756 756 756 756 756 756 757 757 757 757 757 757 757 757 757 757 758 758 758 758 758 758 758 758 758 758 758 758 759 759 759 759 759 759 759 759 759 759 759 759 760 760 760 760 760 761 761 761 761 761 761 761 761 761 761 761 761 761 761 761 762 762 762 762 762 762 762 762 762 762 762 762 762 763 763 763 763 763 763 763 763 763 763 763 764 764 764 764 764 764 764 764 764 764 764 765 765 765 765 765 765 766 766 766 766 766 766 766 766 767 767 767 767 767 767 767 767 767 767 767 767 768 768 768 768 768 768 768 768 768 768 768 768 769 769 769 769 769 769 769 769 770 770 770 770 770 770 770 770 770 770 771 771 771 771 771 771 771 772 772 772 772 772 772 772 772 772 772 772 773 773 773 773 773 773 773 773 773 773 773 773 773 773 773 773 774 774 774 774 774 774 774 774 774 774 774 774 774 775 775 775 775 775 775 775 776 776 776 776 776 776 776 776 776 776 776 776 776 777 777 777 777 777 777 777 777 777 778 778 778 778 778 778 778 779 779 779 779 779 779 779 779 779 780 780 780 780 780 780 780 780 781 781 781 781 781 781 781 781 781 781 782 782 782 782 782 782 782 782 782 782 782 782 783 783 783 783 783 783 784 784 784 784 784 784 784 784 784 785 785 785 785 785 785 785 785 785 785 786 786 786 786 786 786 786 786 786 786 787 787 787 787 787 788 788 788 788 788 788 788 788 788 788 789 789 789 789 789 790 790 790 790 790 790 790 790 790 790 790 791 791 791 791 791 791 791 791 791 791 791 792 792 792 792 792 792 792 792 792 792 792 792 792 793 793 793 793 793 794 794 794 794 794 794 794 794 794 795 795 795 795 795 795 795 795 795 796 796 796 796 796 797 797 797 797 797 797 797 797 797 797 797 797 797 797 798 798 798 798 798 798 798 798 798 799 799 799 799 799 799 799 799 799 799 799 800 800 800 800 800 800 800 800 801 801 801 801 801 802 802 802 802 802 802 802 802 802 802 802 802 802 803 803 803 803 803 803 803 803 803 803 803 803 803 803 804 804 804 804 804 804 804 804 804 804 804 804 805 805 805 805 805 805 805 805 805 805 805 805 805 806 806 806 806 806 806 806 807 807 807 807 808 808 808 808 808 808 808 808 808 808 808 809 809 809 809 809 809 809 809 809 809 809 809 809 810 810 810 810 810 811 811 811 811 811 811 811 811 812 812 812 813 813 813 813 813 813 813 813 813 813 813 813 814 814 814 814 814 814 814 814 815 815 815 815 815 815 815 815 815 816 816 816 816 816 816 816 816 816 816 816 817 817 817 817 817 817 817 817 817 817 817 817 817 817 817 817 817 817 818 818 818 818 818 818 818 818 819 819 819 819 819 819 819 819 819 819 819 819 819 819 819 819 820 820 820 820 820 820 820 820 820 820 821 821 821 821 821 821 821 821 821 821 821 822 822 822 822 822 822 822 822 822 822 822 822 823 823 823 823 823 823 823 823 823 823 823 824 824 824 824 824 824 824 824 824 824 824 824 824 824 824 824 824 825 825 825 825 825 825 825 825 825 825 825 826 826 826 826 826 826 826 826 826 826 826 826 826 827 827 827 827 827 827 827 827 827 827 827 827 827 827 827 827 828 828 828 828 828 828 828 828 828 828 828 828 828 829 829 829 829 829 829 829 829 829 829 830 830 830 830 830 830 830 830 830 830 830 830 830 831 831 831 831 831 831 831 831 831 831 831 831 831 831 832 832 832 832 832 832 832 832 832 832 832 832 833 833 833 833 833 833 833 833 833 833 833 833 833 833 834 834 834 834 834 834 835 835 835 835 835 835 836 836 836 836 836 836 836 837 837 837 837 837 837 837 837 838 838 838 838 838 838 838 838 838 838 838 838 838 838 839 839 839 839 839 839 839 839 839 839 840 840 840 840 840 840 840 840 840 840 840 840 840 841 841 841 841 842 842 842 842 842 842 842 842 842 842 842 843 843 843 843 843 843 843 843 843 844 844 844 844 844 844 844 844 844 845 845 845 845 845 845 845 845 846 846 846 846 846 846 846 846 846 847 847 847 847 847 847 847 848 848 848 848 848 848 849 849 849 849 849 849 849 850 850 850 850 850 850 850 850 850 850 850 850 850 850 851 851 851 851 852 852 852 852 852 852 852 852 852 852 852 852 852 852 853 853 853 853 853 853 853 853 853 853 853 853 853 853 853 853 854 854 854 854 854 854 854 854 854 854 854 854 854 855 855 855 855 855 855 856 856 856 856 856 857 857 857 857 857 857 857 857 858 858 858 858 858 858 858 858 858 859 859 859 859 859 859 859 859 859 859 859 859 859 859 859 860 860 860 860 860 860 861 861 861 861 861 861 861 862 862 862 862 862 862 862 862 862 862 862 862 863 863 863 863 863 863 863 863 863 864 864 864 864 864 864 864 864 864 864 864 865 865 865 865 865 865 866 866 866 866 866 866 866 866 866 866 867 867 867 867 867 867 867 867 867 867 867 867 867 867 868 868 868 868 868 868 868 869 869 869 869 869 869 869 869 869 869 869 869 869 869 870 870 870 870 870 870 870 870 870 870 870 870 871 871 871 871 871 872 872 872 872 872 872 872 872 872 872 872 872 872 872 872 872 873 873 873 873 873 873 873 873 874 874 874 874 874 874 874 875 875 875 875 875 875 876 876 876 876 876 876 876 877 877 877 877 878 878 878 878 878 878 878 878 878 878 878 879 879 879 879 879 879 879 879 879 879 879 880 880 880 880 880 880 880 881 881 881 881 881 881 881 881 881 882 882 882 882 882 882 882 882 882 882 882 883 883 883 883 883 883 883 884 884 884 884 884 884 884 884 884 884 884 884 884 885 885 885 885 885 885 885 885 885 886 886 886 886 886 886 886 886 886 887 887 887 887 887 887 887 887 887 888 888 888 888 888 888 888 888 889 889 889 889 889 889 889 889 889 890 890 890 890 890 890 890 890 890 891 891 891 891 891 891 891 891 891 891 891 891 891 891 892 892 892 892 892 892 892 892 892 892 892 892 892 893 893 893 893 893 893 893 893 893 893 894 894 894 894 894 894 894 894 894 895 895 895 895 895 896 896 896 896 896 896 896 896 897 897 897 897 897 897 897 897 898 898 898 898 898 898 898 898 898 898 899 899 899 899 899 899 899 899 899 900 900 900 900 900 900 900 900 901 901 901 901 901 901 901 901 902 902 902 902 902 902 903 903 903 903 903 903 903 903 903 903 903 904 904 904 904 904 904 904 904 904 905 905 905 905 906 906 906 906 906 906 906 907 907 907 907 907 907 907 907 907 908 908 908 908 908 908 908 908 908 908 908 908 908 909 909 909 909 909 909 909 910 910 910 910 910 910 910 911 911 911 911 911 911 911 911 911 911 911 912 912 912 912 912 912 912 912 912 912 912 912 912 912 913 913 913 913 913 913 913 913 914 914 914 914 914 914 914 914 915 915 915 915 915 915 916 916 916 916 916 916 916 916 916 917 917 917 917 917 917 917 917 917 917 917 917 918 918 918 918 918 918 918 918 918 918 918 918 918 918 918 918 919 919 919 919 919 919 919 919 919 919 919 919 919 919 920 920 920 920 920 920 920 920 920 921 921 921 921 921 921 921 921 922 922 922 922 922 922 923 923 923 923 923 923 923 923 923 923 923 924 924 924 924 924 924 924 925 925 925 925 925 925 925 925 925 926 926 926 926 926 926 926 926 926 926 926 926 927 927 927 927 927 927 927 927 927 928 928 928 928 928 928 928 928 928 928 928 928 928 928 928 928 929 929 929 929 929 929 929 929 930 930 930 930 930 930 930 930 930 930 931 931 931 931 931 931 931 931 931 932 932 932 932 932 932 932 932 932 932 932 932 932 932 932 932 932 932 932 932 933 933 933 933 933 933 933 933 933 933 933 933 934 934 934 934 934 934 934 934 935 935 935 935 935 935 936 936 936 936 936 936 936 936 936 936 937 937 937 937 937 937 937 937 937 937 937 938 938 938 938 938 938 938 939 939 939 939 939 939 939 940 940 940 940 940 940 940 940 941 941 941 941 941 941 941 941 942 942 942 942 942 942 942 942 942 942 942 942 943 943 943 943 943 943 943 943 943 943 943 944 944 944 944 944 944 945 945 945 945 945 945 945 945 945 945 945 945 946 946 946 946 946 946 946 946 946 946 947 947 947 947 947 947 947 947 947 948 948 948 948 948 948 948 949 949 949 949 949 949 949 950 950 950 950 950 950 950 950 950 951 951 951 951 951 951 951 951 951 951 952 952 952 952 952 952 952 952 952 952 953 953 953 953 953 953 953 953 953 953 953 953 953 954 954 954 954 954 954 954 955 955 955 955 955 955 955 955 955 955 956 956 956 956 956 956 956 956 956 956 956 957 957 957 957 957 957 957 957 958 958 958 958 958 958 958 958 958 958 958 958 958 958 958 958 959 959 959 959 959 959 959 959 959 959 959 960 960 960 960 960 960 960 960 960 960 960 961 961 961 961 961 962 962 962 962 962 962 962 962 962 962 963 963 963 963 963 963 963 963 963 964 964 964 964 964 964 964 964 964 964 965 965 965 965 965 965 965 965 965 966 966 966 966 966 966 966 966 966 966 966 967 967 967 967 967 967 967 967 967 967 967 967 967 968 968 968 968 968 968 968 968 968 968 968 969 969 969 969 969 969 970 970 970 970 970 970 970 970 970 970 970 971 971 971 971 971 971 971 971 971 971 971 971 971 972 972 972 972 972 972 972 972 972 972 972 973 973 973 973 973 973 973 973 973 973 974 974 974 974 974 974 974 975 975 975 975 975 975 975 975 975 975 975 975 976 976 976 976 976 976 977 977 977 977 977 977 977 978 978 978 978 978 978 978 979 979 979 979 979 979 979 979 979 979 979 979 979 979 980 980 980 980 980 980 980 980 980 980 980 980 981 981 981 981 981 981 981 981 981 982 982 982 982 982 982 982 983 983 983 983 983 983 983 983 983 983 983 984 984 984 984 984 984 984 984 984 984 985 985 985 985 985 985 985 985 985 985 986 986 986 986 986 986 986 986 986 986 986 987 987 987 987 987 987 987 987 987 987 987 987 987 988 988 988 988 988 988 988 988 988 989 989 989 989 989 990 990 990 990 990 990 990 990 990 990 991 991 991 991 991 991 991 991 991 991 992 992 992 992 992 992 992 992 992 992 992 993 993 993 993 993 993 993 993 994 994 994 994 994 994 994 994 994 994 994 994 994 994 995 995 995 996 996 996 996 996 996 996 997 997 997 997 997 997 997 997 997 997 997 997 998 998 998 998 998 998 998 999 999 999 999 999 999 999 999 